3.99889
5.82681
7.48922
8.88007
10.1831
11.3562
12.4088
13.4062
14.3509
15.2342
15.962
16.6572
17.3413
18.0053
18.6276
19.245
19.8318
20.4181
20.9972
21.5455
22.0718
22.5761
23.0482
23.5164
23.9789
24.4328
24.8545
25.2556
25.648
26.0376
26.4214
26.7976
27.168
27.535
27.8972
28.2508
28.6025
28.9489
29.2895
29.6277
29.9602
30.2788
30.5739
30.8656
31.1568
31.4187
31.672
31.9177
32.1561
32.3903
32.623
32.8537
33.0835
33.31
33.5326
33.7538
33.974
34.1937
34.413
34.6289
34.8294
35.0271
35.2243
35.4191
35.609
35.799
35.9861
36.1723
36.3503
36.5201
36.69
36.8598
37.0277
37.1923
37.3564
37.5185
37.6778
37.8361
37.9916
38.1451
38.2982
38.4498
38.6004
38.7506
38.9007
39.0466
39.1915
39.3354
39.4774
39.6185
39.7586
39.8963
40.034
40.1697
40.3046
40.4365
40.5641
40.6913
40.8155
40.9383
41.0588
41.1782
41.2977
41.4171
41.5356
41.6537
41.7707
41.883
41.9938
42.1037
42.2121
42.3206
42.4285
42.5355
42.6425
42.7495
42.8565
42.963
43.069
43.1745
43.2796
43.3842
43.4888
43.5929
43.6951
43.7973
43.8985
43.9998
44.101
44.2013
44.3006
44.3984
44.4958
44.5927
44.6877
44.7823
44.8763
44.9703
45.0634
45.1565
45.2496
45.3421
45.4343
45.5259
45.6175
45.7087
45.7979
45.8872
45.9754
46.0637
46.152
46.2398
46.3262
46.4116
46.4965
46.5804
46.6644
46.7479
46.8304
46.9115
46.9911
47.0698
47.148
47.2262
47.3035
47.3807
47.4575
47.5313
47.6047
47.6777
47.7506
47.8235
47.8964
47.9694
48.0418
48.1133
48.1843
48.2548
48.3254
48.3954
48.4655
48.5355
48.6051
48.6746
48.7437
48.8128
48.8814
48.95
49.0181
49.0858
49.153
49.2201
49.2873
49.354
49.4207
49.4869
49.5531
49.6193
49.6841
49.7488
49.8131
49.8774
49.9417
50.006
50.0703
50.1346
50.1989
50.2632
50.327
50.3898
50.4527
50.5146
50.5764
50.6379
50.6993
50.7602
50.8206
50.8806
50.9396
50.9977
51.0557
51.1133
51.1709
51.228
51.2846
51.3412
51.3973
51.4535
51.5096
51.5653
51.6209
51.6766
51.7313
51.7855
51.8397
51.8939
51.9481
52.0018
52.0556
52.1093
52.1621
52.2144
52.2662
52.318
52.3693
52.4207
52.472
52.5229
52.5737
52.6241
52.6745
52.7244
52.7743
52.8242
52.8741
52.924
52.9734
53.0228
53.0717
53.1207
53.1691
53.2176
53.266
53.314
53.362
53.41
53.4579
53.5059
53.5534
53.6009
53.6484
53.6959
53.7429
53.7899
53.836
53.8821
53.9281
53.9742
54.0202
54.0663
54.1124
54.1579
54.2035
54.2486
54.2937
54.3383
54.3829
54.4271
54.4712
54.5149
54.5585
54.6022
54.6459
54.689
54.7322
54.7754
54.8181
54.8603
54.9025
54.9448
54.987
55.0292
55.0709
55.1127
55.1544
55.1962
55.2379
55.2796
55.3214
55.3626
55.4039
55.4447
55.4855
55.5262
55.567
55.6073
55.6476
55.6879
55.7282
55.7685
55.8088
55.8491
55.8889
55.9288
55.9686
56.0084
56.0482
56.0876
56.1264
56.1653
56.2042
56.243
56.2814
56.3198
56.3582
56.3961
56.434
56.4719
56.5098
56.5472
56.5846
56.622
56.6595
56.6964
56.7333
56.7703
56.8072
56.8442
56.8811
56.9181
56.955
56.9915
57.0279
57.0644
57.1008
57.1373
57.1738
57.2102
57.2462
57.2822
57.3182
57.3542
57.3901
57.4261
57.4616
57.4971
57.5326
57.5681
57.6036
57.6391
57.6746
57.7097
57.7442
57.7788
57.8133
57.8478
57.8824
57.9169
57.9515
57.986
58.0201
58.0541
58.0882
58.1223
58.1563
58.1904
58.2245
58.258
58.2916
58.3252
58.3588
58.3924
58.426
58.4596
58.4931
58.5262
58.5593
58.5924
58.6256
58.6587
58.6918
58.7249
58.758
58.7911
58.8242
58.8568
58.8894
58.9221
58.9547
58.9868
59.019
59.0511
59.0833
59.1154
59.1471
59.1787
59.2104
59.2421
59.2737
59.3049
59.3361
59.3668
59.3975
59.4282
59.4589
59.4896
59.5203
59.551
59.5813
59.6115
59.6417
59.6719
59.7022
59.7319
59.7617
59.7914
59.8211
59.8509
59.8806
59.9104
59.9396
59.9689
59.9982
60.0274
60.0567
60.0855
60.1143
60.1431
60.1719
60.2002
60.2285
60.2568
60.2851
60.3129
60.3407
60.3686
60.3964
60.4242
60.452
60.4799
60.5072
60.5346
60.5619
60.5893
60.6166
60.6439
60.6713
60.6986
60.726
60.7533
60.7802
60.8071
60.8339
60.8608
60.8877
60.9145
60.9414
60.9683
60.9951
61.022
61.0489
61.0757
61.1021
61.1285
61.1549
61.1813
61.2077
61.2341
61.2605
61.2868
61.3132
61.3391
61.365
61.391
61.4169
61.4428
61.4682
61.4936
61.519
61.5445
61.5699
61.5953
61.6208
61.6457
61.6707
61.6956
61.7206
61.7455
61.7704
61.7954
61.8203
61.8453
61.8702
61.8952
61.9201
61.9446
61.9691
61.9935
62.018
62.0425
62.0669
62.0914
62.1159
62.1404
62.1648
62.1893
62.2138
62.2382
62.2627
62.2872
62.3112
62.3351
62.3591
62.3831
62.4071
62.4311
62.4551
62.4791
62.5026
62.5261
62.5496
62.5731
62.5966
62.6201
62.6436
62.6671
62.6906
62.7142
62.7377
62.7607
62.7837
62.8068
62.8298
62.8528
62.8758
62.8989
62.9219
62.9449
62.968
62.991
63.014
63.037
63.0601
63.0826
63.1052
63.1277
63.1503
63.1728
63.1954
63.2179
63.24
63.2621
63.2841
63.3062
63.3283
63.3503
63.3724
63.3945
63.4165
63.4386
63.4607
63.4823
63.5039
63.5254
63.547
63.5686
63.5902
63.6118
63.6334
63.655
63.6766
63.6982
63.7193
63.7404
63.7615
63.7826
63.8037
63.8248
63.8459
63.867
63.8882
63.9093
63.9304
63.9515
63.9726
63.9937
64.0148
64.0359
64.057
64.0781
64.0988
64.1194
64.14
64.1607
64.1813
64.2019
64.2226
64.2432
64.2638
64.2844
64.3051
64.3257
64.3463
64.367
64.3876
64.4077
64.4279
64.448
64.4682
64.4883
64.5085
64.5286
64.5488
64.569
64.5886
64.6083
64.628
64.6476
64.6673
64.687
64.7066
64.7263
64.746
64.7657
64.7853
64.805
64.8247
64.8443
64.864
64.8837
64.9034
64.923
64.9427
64.9624
64.982
65.0017
65.0214
65.0406
65.0598
65.0789
65.0981
65.1173
65.1365
65.1557
65.1749
65.1941
65.2133
65.2325
65.2517
65.2709
65.2896
65.3083
65.327
65.3457
65.3644
65.3831
65.4018
65.4205
65.4393
65.458
65.4767
65.4954
65.5141
65.5328
65.5515
65.5702
65.5885
65.6067
65.6249
65.6432
65.6614
65.6796
65.6979
65.7161
65.7343
65.7525
65.7708
65.789
65.8072
65.8255
65.8437
65.8619
65.8802
65.8984
65.9166
65.9349
65.9531
65.9713
65.9896
66.0078
66.0255
66.0433
66.061
66.0788
66.0965
66.1143
66.132
66.1498
66.1675
66.1853
66.203
66.2208
66.2381
66.2553
66.2726
66.2899
66.3072
66.3244
66.3417
66.359
66.3762
66.3935
66.4108
66.4281
66.4453
66.4626
66.4799
66.4971
66.5144
66.5317
66.549
66.5662
66.583
66.5998
66.6166
66.6334
66.6502
66.667
66.6838
66.7006
66.7174
66.7342
66.7509
66.7677
66.7845
66.8013
66.8181
66.8349
66.8517
66.868
66.8843
66.9006
66.9169
66.9333
66.9496
66.9659
66.9822
66.9985
67.0148
67.0311
67.0474
67.0638
67.0801
67.0964
67.1127
67.129
67.1453
67.1616
67.1779
67.1943
67.2106
67.2264
67.2422
67.2581
67.2739
67.2897
67.3056
67.3214
67.3372
67.3531
67.3689
67.3847
67.4006
67.4164
67.4322
67.4481
67.4639
67.4797
67.4956
67.5114
67.5272
67.543
67.5589
67.5747
67.5905
67.6064
67.6222
67.638
67.6539
67.6697
67.6855
67.7014
67.7167
67.7321
67.7474
67.7628
67.7781
67.7935
67.8088
67.8242
67.8395
67.8549
67.8703
67.8856
67.901
67.9163
67.9317
67.947
67.9624
67.9777
67.9931
68.0084
68.0238
68.0391
68.0545
68.0698
68.0852
68.1005
68.1159
68.1312
68.1466
68.1615
68.1763
68.1912
68.2061
68.221
68.2358
68.2507
68.2656
68.2805
68.2953
68.3102
68.3251
68.3399
68.3548
68.3697
68.3846
68.3994
68.4143
68.4292
68.4441
68.4589
68.4738
68.4887
68.5035
68.5184
68.5333
68.5482
68.563
68.5779
68.5928
68.6077
68.6221
68.6364
68.6508
68.6652
68.6796
68.694
68.7084
68.7228
68.7372
68.7516
68.766
68.7804
68.7948
68.8092
68.8236
68.8379
68.8523
68.8667
68.8811
68.8955
68.9099
68.9243
68.9387
68.9531
68.9675
68.9819
68.9963
69.0107
69.0251
69.0395
69.0538
69.0682
69.0826
69.097
69.1114
69.1258
69.1397
69.1536
69.1676
69.1815
69.1954
69.2093
69.2232
69.2371
69.251
69.2649
69.2789
69.2928
69.3067
69.3206
69.3345
69.3484
69.3623
69.3763
69.3902
69.4036
69.417
69.4305
69.4439
69.4573
69.4708
69.4842
69.4976
69.5111
69.5245
69.5379
69.5514
69.5648
69.5782
69.5917
69.6051
69.6185
69.632
69.6454
69.6588
69.6723
69.6857
69.6991
69.7126
69.726
69.7394
69.7529
69.7663
69.7797
69.7932
69.8066
69.82
69.8335
69.8469
69.8603
69.8733
69.8862
69.8992
69.9122
69.9251
69.9381
69.951
69.964
69.9769
69.9899
70.0028
70.0158
70.0287
70.0417
70.0546
70.0676
70.0806
70.0935
70.1065
70.1194
70.1324
70.1453
70.1583
70.1712
70.1842
70.1971
70.2101
70.223
70.236
70.249
70.2619
70.2749
70.2878
70.3008
70.3137
70.3267
70.3396
70.3526
70.3655
70.3785
70.3914
70.4044
70.4174
70.4303
70.4433
70.4562
70.4692
70.4821
70.4951
70.508
70.521
70.5339
70.5469
70.5598
70.5728
70.5858
70.5987
70.6117
70.6246
70.6371
70.6496
70.662
70.6745
70.687
70.6995
70.7119
70.7244
70.7369
70.7494
70.7618
70.7743
70.7868
70.7992
70.8117
70.8242
70.8367
70.8491
70.8616
70.8741
70.8866
70.899
70.9115
70.924
70.9365
70.9489
70.9614
70.9739
70.9864
70.9988
71.0113
71.0238
71.0363
71.0487
71.0612
71.0737
71.0862
71.0986
71.1111
71.1236
71.136
71.1485
71.161
71.1735
71.1859
71.1984
71.2109
71.2234
71.2358
71.2483
71.2608
71.2733
71.2857
71.2982
71.3107
71.3232
71.3356
71.3481
71.3606
71.3731
71.3855
71.398
71.4105
71.423
71.4354
71.4479
71.4604
71.4728
71.4853
71.4978
71.5103
71.5223
71.5343
71.5463
71.5582
71.5702
71.5822
71.5942
71.6062
71.6182
71.6302
71.6422
71.6542
71.6662
71.6782
71.6902
71.7022
71.7142
71.7262
71.7382
71.7502
71.7621
71.7741
71.7861
71.7981
71.8101
71.8221
71.8341
71.8461
71.8581
71.8701
71.8821
71.8941
71.9061
71.9181
71.9301
71.9421
71.9541
71.9661
71.978
71.99
72.002
72.014
72.026
72.038
72.05
72.062
72.074
72.086
72.098
72.11
72.122
72.134
72.146
72.158
72.17
72.1819
72.1939
72.2059
72.2179
72.2299
72.2419
72.2539
72.2659
72.2779
72.2899
72.3019
72.3139
72.3259
72.3379
72.3499
72.3619
72.3739
72.3859
72.3978
72.4098
72.4218
72.4338
72.4458
72.4578
72.4698
72.4818
72.4938
72.5058
72.5178
72.5298
72.5418
72.5538
72.5658
72.5778
72.5898
72.6017
72.6137
72.6257
72.6377
72.6497
72.6617
72.6737
72.6857
72.6977
72.7097
72.7217
72.7337
72.7457
72.7577
72.7697
72.7817
72.7937
72.8056
72.8176
72.8296
72.8416
72.8536
72.8656
72.8776
72.8896
72.9016
72.9136
72.9256
72.9376
72.9496
72.9616
72.9736
72.9856
72.9976
73.0096
73.0215
73.0335
73.0455
73.0575
73.0695
73.0815
73.0935
73.1055
73.1175
73.1295
73.1415
73.1535
73.1655
73.1775
73.1895
73.2015
73.2135
73.2254
73.2374
73.2494
73.2614
73.2734
73.2854
73.2974
73.3094
73.3214
73.3334
73.3454
73.3574
73.3694
73.3814
73.3934
73.4054
73.4174
73.4294
73.4413
73.4533
73.4653
73.4773
73.4893
73.5013
73.5133
73.5253
73.5373
73.5493
73.5613
73.5733
73.5853
73.5973
73.6093
73.6213
73.6333
73.6448
73.6563
73.6678
73.6793
73.6908
73.7023
73.7139
73.7254
73.7369
73.7484
73.7599
73.7714
73.7829
73.7945
73.806
73.8175
73.829
73.8405
73.852
73.8635
73.8751
73.8866
73.8981
73.9096
73.9211
73.9326
73.9441
73.9557
73.9672
73.9787
73.9902
74.0017
74.0132
74.0247
74.0363
74.0478
74.0593
74.0708
74.0823
74.0938
74.1053
74.1169
74.1284
74.1399
74.1514
74.1629
74.1744
74.1859
74.1975
74.209
74.2205
74.232
74.2435
74.255
74.2666
74.2781
74.2896
74.3011
74.3126
74.3241
74.3356
74.3472
74.3582
74.3692
74.3803
74.3913
74.4023
74.4134
74.4244
74.4354
74.4465
74.4575
74.4685
74.4796
74.4906
74.5016
74.5127
74.5237
74.5347
74.5458
74.5568
74.5678
74.5789
74.5899
74.601
74.612
74.623
74.6341
74.6451
74.6561
74.6672
74.6782
74.6892
74.7003
74.7113
74.7223
74.7334
74.7444
74.7554
74.7665
74.7775
74.7885
74.7996
74.8106
74.8216
74.8327
74.8437
74.8547
74.8658
74.8768
74.8879
74.8989
74.9099
74.921
74.932
74.943
74.9541
74.9651
74.9761
74.9872
74.9982
75.0092
75.0203
75.0313
75.0423
75.0534
75.0639
75.0745
75.085
75.0956
75.1061
75.1167
75.1273
75.1378
75.1484
75.1589
75.1695
75.18
75.1906
75.2011
75.2117
75.2223
75.2328
75.2434
75.2539
75.2645
75.275
75.2856
75.2961
75.3067
75.3172
75.3278
75.3384
75.3489
75.3595
75.37
75.3806
75.3911
75.4017
75.4122
75.4228
75.4334
75.4439
75.4545
75.465
75.4756
75.4861
75.4967
75.5072
75.5178
75.5283
75.5389
75.5495
75.56
75.5706
75.5811
75.5917
75.6022
75.6128
75.6233
75.6339
75.6445
75.655
75.6656
75.6761
75.6867
75.6972
75.7078
75.7183
75.7289
75.739
75.749
75.7591
75.7692
75.7793
75.7893
75.7994
75.8095
75.8196
75.8296
75.8397
75.8498
75.8599
75.8699
75.88
75.8901
75.9002
75.9102
75.9203
75.9304
75.9405
75.9505
75.9606
75.9707
75.9808
75.9908
76.0009
76.011
76.0211
76.0311
76.0412
76.0513
76.0614
76.0714
76.0815
76.0916
76.1017
76.1117
76.1218
76.1319
76.142
76.152
76.1621
76.1722
76.1823
76.1923
76.2024
76.2125
76.2226
76.2327
76.2427
76.2528
76.2629
76.273
76.283
76.2931
76.3032
76.3133
76.3233
76.3334
76.3435
76.3536
76.3636
76.3737
76.3838
76.3939
76.4039
76.414
76.4241
76.4342
76.4442
76.4543
76.4644
76.4745
76.4845
76.4946
76.5047
76.5143
76.5239
76.5335
76.5431
76.5527
76.5623
76.5718
76.5814
76.591
76.6006
76.6102
76.6198
76.6294
76.639
76.6486
76.6582
76.6678
76.6774
76.687
76.6966
76.7062
76.7158
76.7254
76.735
76.7446
76.7542
76.7638
76.7734
76.7829
76.7925
76.8021
76.8117
76.8213
76.8309
76.8405
76.8501
76.8597
76.8693
76.8789
76.8885
76.8981
76.9077
76.9173
76.9269
76.9365
76.9461
76.9557
76.9653
76.9749
76.9845
76.994
77.0036
77.0132
77.0228
77.0324
77.042
77.0516
77.0612
77.0708
77.0804
77.09
77.0996
77.1092
77.1188
77.1284
77.138
77.1476
77.1572
77.1668
77.1764
77.186
77.1955
77.2051
77.2147
77.2243
77.2339
77.2435
77.2526
77.2618
77.2709
77.28
77.2891
77.2982
77.3073
77.3165
77.3256
77.3347
77.3438
77.3529
77.362
77.3711
77.3803
77.3894
77.3985
77.4076
77.4167
77.4258
77.435
77.4441
77.4532
77.4623
77.4714
77.4805
77.4896
77.4988
77.5079
77.517
77.5261
77.5352
77.5443
77.5535
77.5626
77.5717
77.5808
77.5899
77.599
77.6082
77.6173
77.6264
77.6355
77.6446
77.6537
77.6628
77.672
77.6811
77.6902
77.6993
77.7084
77.7175
77.7267
77.7358
77.7449
77.754
77.7631
77.7722
77.7813
77.7905
77.7996
77.8087
77.8178
77.8269
77.836
77.8452
77.8543
77.8634
77.8725
77.8816
77.8907
77.8999
77.909
77.9181
77.9272
77.9363
77.9454
77.9545
77.9637
77.9728
77.9819
77.991
78.0001
78.0092
78.0184
78.0275
78.0366
78.0452
78.0539
78.0625
78.0711
78.0798
78.0884
78.097
78.1057
78.1143
78.1229
78.1316
78.1402
78.1489
78.1575
78.1661
78.1748
78.1834
78.192
78.2007
78.2093
78.2179
78.2266
78.2352
78.2438
78.2525
78.2611
78.2698
78.2784
78.287
78.2957
78.3043
78.3129
78.3216
78.3302
78.3388
78.3475
78.3561
78.3648
78.3734
78.382
78.3907
78.3993
78.4079
78.4166
78.4252
78.4338
78.4425
78.4511
78.4597
78.4684
78.477
78.4857
78.4943
78.5029
78.5116
78.5202
78.5288
78.5375
78.5461
78.5547
78.5634
78.572
78.5806
78.5893
78.5979
78.6066
78.6152
78.6238
78.6325
78.6411
78.6497
78.6584
78.667
78.6756
78.6843
78.6929
78.7015
78.7102
78.7188
78.7275
78.7361
78.7447
78.7534
78.762
78.7706
78.7793
78.7879
78.7965
78.8052
78.8138
78.8225
78.8311
78.8392
78.8474
78.8556
78.8637
78.8719
78.88
78.8882
78.8963
78.9045
78.9126
78.9208
78.929
78.9371
78.9453
78.9534
78.9616
78.9697
78.9779
78.9861
78.9942
79.0024
79.0105
79.0187
79.0268
79.035
79.0431
79.0513
79.0595
79.0676
79.0758
79.0839
79.0921
79.1002
79.1084
79.1166
79.1247
79.1329
79.141
79.1492
79.1573
79.1655
79.1736
79.1818
79.19
79.1981
79.2063
79.2144
79.2226
79.2307
79.2389
79.247
79.2552
79.2634
79.2715
79.2797
79.2878
79.296
79.3041
79.3123
79.3205
79.3286
79.3368
79.3449
79.3531
79.3612
79.3694
79.3775
79.3857
79.3939
79.402
79.4102
79.4183
79.4265
79.4346
79.4428
79.451
79.4591
79.4668
79.4745
79.4821
79.4898
79.4975
79.5052
79.5128
79.5205
79.5282
79.5359
79.5435
79.5512
79.5589
79.5666
79.5743
79.5819
79.5896
79.5973
79.605
79.6126
79.6203
79.628
79.6357
79.6433
79.651
79.6587
79.6664
79.674
79.6817
79.6894
79.6971
79.7047
79.7124
79.7201
79.7278
79.7355
79.7431
79.7508
79.7585
79.7662
79.7738
79.7815
79.7892
79.7969
79.8045
79.8122
79.8199
79.8276
79.8352
79.8429
79.8506
79.8583
79.866
79.8736
79.8813
79.889
79.8967
79.9043
79.912
79.9197
79.9274
79.935
79.9427
79.9504
79.9581
79.9657
79.9734
79.9811
79.9888
79.9964
80.0041
80.0118
80.0195
80.0272
80.0348
80.0425
80.0502
80.0579
80.0655
80.0732
80.0809
80.0886
80.0962
80.1039
80.1116
80.1193
80.1269
80.1346
80.1423
80.15
80.1577
80.1653
80.173
80.1807
80.1884
80.196
80.2037
80.2114
80.2191
80.2267
80.2344
80.2421
80.2493
80.2565
80.2637
80.2709
80.2781
80.2853
80.2925
80.2997
80.3069
80.3141
80.3213
80.3285
80.3356
80.3428
80.35
80.3572
80.3644
80.3716
80.3788
80.386
80.3932
80.4004
80.4076
80.4148
80.422
80.4292
80.4364
80.4436
80.4508
80.458
80.4652
80.4724
80.4796
80.4868
80.494
80.5012
80.5084
80.5156
80.5228
80.53
80.5372
80.5443
80.5515
80.5587
80.5659
80.5731
80.5803
80.5875
80.5947
80.6019
80.6091
80.6163
80.6235
80.6307
80.6379
80.6451
80.6523
80.6595
80.6667
80.6739
80.6811
80.6883
80.6955
80.7027
80.7099
80.7171
80.7243
80.7315
80.7387
80.7459
80.753
80.7602
80.7674
80.7746
80.7818
80.789
80.7962
80.8034
80.8106
80.8178
80.825
80.8322
80.8394
80.8466
80.8538
80.861
80.8682
80.8754
80.8826
80.8898
80.897
80.9042
80.9114
80.9186
80.9258
80.933
80.9402
80.9474
80.9546
80.9617
80.9689
80.9761
80.9833
80.9905
80.9977
81.0049
81.0121
81.0193
81.0265
81.0337
81.0409
81.0481
81.0553
81.0625
81.0697
81.0769
81.0841
81.0913
81.0985
81.1057
81.1129
81.1201
81.1273
81.1345
81.1417
81.1489
81.1561
81.1633
81.1704
81.1776
81.1848
81.192
81.1992
81.2064
81.2136
81.2208
81.228
81.2352
81.2424
81.2496
81.2568
81.264
81.2712
81.2784
81.2856
81.2928
81.3
81.3072
81.3144
81.3216
81.3288
81.336
81.3432
81.3504
81.3576
81.3643
81.371
81.3777
81.3844
81.3911
81.3979
81.4046
81.4113
81.418
81.4247
81.4314
81.4382
81.4449
81.4516
81.4583
81.465
81.4717
81.4785
81.4852
81.4919
81.4986
81.5053
81.512
81.5188
81.5255
81.5322
81.5389
81.5456
81.5523
81.5591
81.5658
81.5725
81.5792
81.5859
81.5926
81.5994
81.6061
81.6128
81.6195
81.6262
81.6329
81.6397
81.6464
81.6531
81.6598
81.6665
81.6732
81.68
81.6867
81.6934
81.7001
81.7068
81.7135
81.7203
81.727
81.7337
81.7404
81.7471
81.7538
81.7606
81.7673
81.774
81.7807
81.7874
81.7941
81.8009
81.8076
81.8143
81.821
81.8277
81.8345
81.8412
81.8479
81.8546
81.8613
81.868
81.8748
81.8815
81.8882
81.8949
81.9016
81.9083
81.9151
81.9218
81.9285
81.9352
81.9419
81.9486
81.9554
81.9621
81.9688
81.9755
81.9822
81.9889
81.9957
82.0024
82.0091
82.0158
82.0225
82.0292
82.036
82.0427
82.0494
82.0561
82.0628
82.0695
82.0763
82.083
82.0897
82.0964
82.1031
82.1098
82.1166
82.1233
82.13
82.1367
82.1434
82.1501
82.1569
82.1636
82.1703
82.177
82.1837
82.1904
82.1967
82.2029
82.2092
82.2154
82.2216
82.2279
82.2341
82.2403
82.2466
82.2528
82.259
82.2653
82.2715
82.2778
82.284
82.2902
82.2965
82.3027
82.3089
82.3152
82.3214
82.3277
82.3339
82.3401
82.3464
82.3526
82.3588
82.3651
82.3713
82.3776
82.3838
82.39
82.3963
82.4025
82.4087
82.415
82.4212
82.4274
82.4337
82.4399
82.4462
82.4524
82.4586
82.4649
82.4711
82.4773
82.4836
82.4898
82.4961
82.5023
82.5085
82.5148
82.521
82.5272
82.5335
82.5397
82.546
82.5522
82.5584
82.5647
82.5709
82.5771
82.5834
82.5896
82.5958
82.6021
82.6083
82.6146
82.6208
82.627
82.6333
82.6395
82.6457
82.652
82.6582
82.6645
82.6707
82.6769
82.6832
82.6894
82.6956
82.7019
82.7081
82.7143
82.7206
82.7268
82.7331
82.7393
82.7455
82.7518
82.758
82.7642
82.7705
82.7767
82.783
82.7892
82.7954
82.8017
82.8079
82.8141
82.8204
82.8266
82.8329
82.8391
82.8453
82.8516
82.8578
82.864
82.8703
82.8765
82.8827
82.889
82.8952
82.9015
82.9077
82.9139
82.9202
82.9264
82.9326
82.9389
82.9451
82.9514
82.9576
82.9638
82.9701
82.9763
82.9825
82.9888
82.995
83.0013
83.0075
83.0137
83.02
83.0262
83.0324
83.0387
83.0449
83.0511
83.0574
83.0636
83.0699
83.0761
83.0823
83.0886
83.0948
83.101
83.1073
83.1135
83.1198
83.126
83.1322
83.1385
83.1447
83.1509
83.1572
83.1634
83.1692
83.1749
83.1807
83.1864
83.1922
83.198
83.2037
83.2095
83.2152
83.221
83.2267
83.2325
83.2383
83.244
83.2498
83.2555
83.2613
83.267
83.2728
83.2786
83.2843
83.2901
83.2958
83.3016
83.3073
83.3131
83.3189
83.3246
83.3304
83.3361
83.3419
83.3476
83.3534
83.3592
83.3649
83.3707
83.3764
83.3822
83.3879
83.3937
83.3995
83.4052
83.411
83.4167
83.4225
83.4282
83.434
83.4398
83.4455
83.4513
83.457
83.4628
83.4685
83.4743
83.4801
83.4858
83.4916
83.4973
83.5031
83.5088
83.5146
83.5204
83.5261
83.5319
83.5376
83.5434
83.5492
83.5549
83.5607
83.5664
83.5722
83.5779
83.5837
83.5895
83.5952
83.601
83.6067
83.6125
83.6182
83.624
83.6298
83.6355
83.6413
83.647
83.6528
83.6585
83.6643
83.6701
83.6758
83.6816
83.6873
83.6931
83.6988
83.7046
83.7104
83.7161
83.7219
83.7276
83.7334
83.7391
83.7449
83.7507
83.7564
83.7622
83.7679
83.7737
83.7794
83.7852
83.791
83.7967
83.8025
83.8082
83.814
83.8197
83.8255
83.8313
83.837
83.8428
83.8485
83.8543
83.86
83.8658
83.8716
83.8773
83.8831
83.8888
83.8946
83.9003
83.9061
83.9119
83.9176
83.9234
83.9291
83.9349
83.9406
83.9464
83.9522
83.9579
83.9637
83.9694
83.9752
83.9809
83.9867
83.9925
83.9982
84.004
84.0097
84.0155
84.0212
84.027
84.0328
84.0385
84.0443
84.05
84.0558
84.0615
84.0673
84.0731
84.0788
84.0846
84.0903
84.0961
84.1018
84.1076
84.1134
84.1191
84.1249
84.1306
84.1364
84.1421
84.1479
84.1537
84.1594
84.1652
84.1709
84.1767
84.1824
84.1882
84.194
84.1997
84.2055
84.2112
84.217
84.2227
84.2285
84.2343
84.24
84.2458
84.2511
84.2563
84.2616
84.2669
84.2722
84.2774
84.2827
84.288
84.2933
84.2986
84.3038
84.3091
84.3144
84.3197
84.3249
84.3302
84.3355
84.3408
84.346
84.3513
84.3566
84.3619
84.3672
84.3724
84.3777
84.383
84.3883
84.3935
84.3988
84.4041
84.4094
84.4147
84.4199
84.4252
84.4305
84.4358
84.441
84.4463
84.4516
84.4569
84.4622
84.4674
84.4727
84.478
84.4833
84.4885
84.4938
84.4991
84.5044
84.5097
84.5149
84.5202
84.5255
84.5308
84.536
84.5413
84.5466
84.5519
84.5571
84.5624
84.5677
84.573
84.5783
84.5835
84.5888
84.5941
84.5994
84.6046
84.6099
84.6152
84.6205
84.6258
84.631
84.6363
84.6416
84.6469
84.6521
84.6574
84.6627
84.668
84.6733
84.6785
84.6838
84.6891
84.6944
84.6996
84.7049
84.7102
84.7155
84.7207
84.726
84.7313
84.7366
84.7419
84.7471
84.7524
84.7577
84.763
84.7682
84.7735
84.7788
84.7841
84.7894
84.7946
84.7999
84.8052
84.8105
84.8157
84.821
84.8263
84.8316
84.8369
84.8421
84.8474
84.8527
84.858
84.8632
84.8685
84.8738
84.8791
84.8844
84.8896
84.8949
84.9002
84.9055
84.9107
84.916
84.9213
84.9266
84.9318
84.9371
84.9424
84.9477
84.953
84.9582
84.9635
84.9688
84.9741
84.9793
84.9846
84.9899
84.9952
85.0005
85.0057
85.011
85.0163
85.0216
85.0268
85.0321
85.0374
85.0427
85.048
85.0532
85.0585
85.0638
85.0691
85.0743
85.0796
85.0849
85.0902
85.0955
85.1007
85.106
85.1113
85.1166
85.1218
85.1271
85.1324
85.1377
85.1429
85.1482
85.1535
85.1588
85.1641
85.1693
85.1746
85.1799
85.1852
85.1904
85.1957
85.201
85.2063
85.2116
85.2168
85.2221
85.2274
85.2327
85.2379
85.2432
85.2485
85.2538
85.2591
85.2643
85.2696
85.2749
85.2802
85.2854
85.2907
85.296
85.3013
85.3065
85.3118
85.3171
85.3224
85.3277
85.3329
85.3382
85.3435
85.3488
85.354
85.3593
85.3646
85.3699
85.3752
85.3804
85.3857
85.391
85.3963
85.4015
85.4068
85.4121
85.4174
85.4227
85.4275
85.4322
85.437
85.4418
85.4466
85.4514
85.4562
85.461
85.4658
85.4706
85.4754
85.4802
85.485
85.4898
85.4946
85.4994
85.5042
85.509
85.5138
85.5186
85.5234
85.5282
85.533
85.5378
85.5426
85.5474
85.5522
85.557
85.5618
85.5666
85.5714
85.5762
85.581
85.5858
85.5906
85.5954
85.6002
85.605
85.6098
85.6146
85.6194
85.6242
85.629
85.6338
85.6386
85.6433
85.6481
85.6529
85.6577
85.6625
85.6673
85.6721
85.6769
85.6817
85.6865
85.6913
85.6961
85.7009
85.7057
85.7105
85.7153
85.7201
85.7249
85.7297
85.7345
85.7393
85.7441
85.7489
85.7537
85.7585
85.7633
85.7681
85.7729
85.7777
85.7825
85.7873
85.7921
85.7969
85.8017
85.8065
85.8113
85.8161
85.8209
85.8257
85.8305
85.8353
85.8401
85.8449
85.8496
85.8544
85.8592
85.864
85.8688
85.8736
85.8784
85.8832
85.888
85.8928
85.8976
85.9024
85.9072
85.912
85.9168
85.9216
85.9264
85.9312
85.936
85.9408
85.9456
85.9504
85.9552
85.96
85.9648
85.9696
85.9744
85.9792
85.984
85.9888
85.9936
85.9984
86.0032
86.008
86.0128
86.0176
86.0224
86.0272
86.032
86.0368
86.0416
86.0464
86.0512
86.056
86.0607
86.0655
86.0703
86.0751
86.0799
86.0847
86.0895
86.0943
86.0991
86.1039
86.1087
86.1135
86.1183
86.1231
86.1279
86.1327
86.1375
86.1423
86.1471
86.1519
86.1567
86.1615
86.1663
86.1711
86.1759
86.1807
86.1855
86.1903
86.1951
86.1999
86.2047
86.2095
86.2143
86.2191
86.2239
86.2287
86.2335
86.2383
86.2431
86.2479
86.2527
86.2575
86.2623
86.267
86.2718
86.2766
86.2814
86.2862
86.291
86.2958
86.3006
86.3054
86.3102
86.315
86.3198
86.3246
86.3294
86.3342
86.339
86.3438
86.3486
86.3534
86.3582
86.363
86.3678
86.3726
86.3774
86.3822
86.387
86.3918
86.3966
86.4014
86.4062
86.411
86.4158
86.4206
86.4254
86.4302
86.435
86.4398
86.4446
86.4494
86.4542
86.459
86.4638
86.4686
86.4734
86.4781
86.4829
86.4877
86.4925
86.4973
86.5021
86.5069
86.5117
86.5165
86.5213
86.5261
86.5309
86.5357
86.5405
86.5453
86.5501
86.5549
86.5597
86.5645
86.5693
86.5741
86.5789
86.5837
86.5885
86.5933
86.5981
86.6029
86.6077
86.6125
86.6173
86.6221
86.6264
86.6307
86.635
86.6394
86.6437
86.648
86.6523
86.6566
86.6609
86.6653
86.6696
86.6739
86.6782
86.6825
86.6868
86.6912
86.6955
86.6998
86.7041
86.7084
86.7128
86.7171
86.7214
86.7257
86.73
86.7343
86.7387
86.743
86.7473
86.7516
86.7559
86.7603
86.7646
86.7689
86.7732
86.7775
86.7818
86.7862
86.7905
86.7948
86.7991
86.8034
86.8078
86.8121
86.8164
86.8207
86.825
86.8293
86.8337
86.838
86.8423
86.8466
86.8509
86.8552
86.8596
86.8639
86.8682
86.8725
86.8768
86.8812
86.8855
86.8898
86.8941
86.8984
86.9027
86.9071
86.9114
86.9157
86.92
86.9243
86.9287
86.933
86.9373
86.9416
86.9459
86.9502
86.9546
86.9589
86.9632
86.9675
86.9718
86.9762
86.9805
86.9848
86.9891
86.9934
86.9977
87.0021
87.0064
87.0107
87.015
87.0193
87.0236
87.028
87.0323
87.0366
87.0409
87.0452
87.0496
87.0539
87.0582
87.0625
87.0668
87.0711
87.0755
87.0798
87.0841
87.0884
87.0927
87.0971
87.1014
87.1057
87.11
87.1143
87.1186
87.123
87.1273
87.1316
87.1359
87.1402
87.1446
87.1489
87.1532
87.1575
87.1618
87.1661
87.1705
87.1748
87.1791
87.1834
87.1877
87.192
87.1964
87.2007
87.205
87.2093
87.2136
87.218
87.2223
87.2266
87.2309
87.2352
87.2395
87.2439
87.2482
87.2525
87.2568
87.2611
87.2655
87.2698
87.2741
87.2784
87.2827
87.287
87.2914
87.2957
87.3
87.3043
87.3086
87.3129
87.3173
87.3216
87.3259
87.3302
87.3345
87.3389
87.3432
87.3475
87.3518
87.3561
87.3604
87.3648
87.3691
87.3734
87.3777
87.382
87.3864
87.3907
87.395
87.3993
87.4036
87.4079
87.4123
87.4166
87.4209
87.4252
87.4295
87.4339
87.4382
87.4425
87.4468
87.4511
87.4554
87.4598
87.4641
87.4684
87.4727
87.477
87.4813
87.4857
87.49
87.4943
87.4986
87.5029
87.5073
87.5116
87.5159
87.5202
87.5245
87.5288
87.5332
87.5375
87.5418
87.5461
87.5504
87.5548
87.5591
87.5634
87.5677
87.572
87.5763
87.5807
87.585
87.5893
87.5936
87.5979
87.6023
87.6066
87.6109
87.6152
87.6195
87.6238
87.6282
87.6325
87.6368
87.6411
87.6454
87.6497
87.6541
87.6584
87.6627
87.667
87.6713
87.6757
87.68
87.6843
87.6886
87.6929
87.6972
87.7016
87.7059
87.7102
87.7145
87.7188
87.7232
87.7275
87.7318
87.7361
87.7404
87.7447
87.7491
87.7534
87.7577
87.762
87.7663
87.7707
87.775
87.7793
87.7836
87.7879
87.7922
87.7966
87.8009
87.8052
87.8095
87.8138
87.8181
87.8225
87.8268
87.8311
87.8354
87.8397
87.8441
87.8484
87.8527
87.857
87.8613
87.8656
87.87
87.8743
87.8786
87.8829
87.8872
87.8916
87.8959
87.9002
87.9045
87.9088
87.9131
87.9175
87.9218
87.9261
87.9304
87.9347
87.939
87.9434
87.9477
87.952
87.9563
87.9606
87.965
87.9693
87.9736
87.9779
87.9822
87.9865
87.9909
87.9952
87.9995
88.0038
88.0081
88.0125
88.0168
88.0211
88.0254
88.0297
88.034
88.0384
88.0427
88.047
88.0513
88.0556
88.06
88.0643
88.0686
88.0729
88.0772
88.0815
88.0859
88.0902
88.0945
88.0988
88.1031
88.1074
88.1118
88.1161
88.1204
88.1247
88.129
88.1334
88.1377
88.142
88.1463
88.1506
88.1549
88.1593
88.1636
88.1679
88.1722
88.1761
88.1799
88.1837
88.1876
88.1914
88.1952
88.1991
88.2029
88.2068
88.2106
88.2144
88.2183
88.2221
88.226
88.2298
88.2336
88.2375
88.2413
88.2451
88.249
88.2528
88.2567
88.2605
88.2643
88.2682
88.272
88.2758
88.2797
88.2835
88.2874
88.2912
88.295
88.2989
88.3027
88.3066
88.3104
88.3142
88.3181
88.3219
88.3257
88.3296
88.3334
88.3373
88.3411
88.3449
88.3488
88.3526
88.3565
88.3603
88.3641
88.368
88.3718
88.3756
88.3795
88.3833
88.3872
88.391
88.3948
88.3987
88.4025
88.4063
88.4102
88.414
88.4179
88.4217
88.4255
88.4294
88.4332
88.4371
88.4409
88.4447
88.4486
88.4524
88.4562
88.4601
88.4639
88.4678
88.4716
88.4754
88.4793
88.4831
88.4869
88.4908
88.4946
88.4985
88.5023
88.5061
88.51
88.5138
88.5177
88.5215
88.5253
88.5292
88.533
88.5368
88.5407
88.5445
88.5484
88.5522
88.556
88.5599
88.5637
88.5675
88.5714
88.5752
88.5791
88.5829
88.5867
88.5906
88.5944
88.5983
88.6021
88.6059
88.6098
88.6136
88.6174
88.6213
88.6251
88.629
88.6328
88.6366
88.6405
88.6443
88.6482
88.652
88.6558
88.6597
88.6635
88.6673
88.6712
88.675
88.6789
88.6827
88.6865
88.6904
88.6942
88.698
88.7019
88.7057
88.7096
88.7134
88.7172
88.7211
88.7249
88.7288
88.7326
88.7364
88.7403
88.7441
88.7479
88.7518
88.7556
88.7595
88.7633
88.7671
88.771
88.7748
88.7786
88.7825
88.7863
88.7902
88.794
88.7978
88.8017
88.8055
88.8094
88.8132
88.817
88.8209
88.8247
88.8285
88.8324
88.8362
88.8401
88.8439
88.8477
88.8516
88.8554
88.8592
88.8631
88.8669
88.8708
88.8746
88.8784
88.8823
88.8861
88.89
88.8938
88.8976
88.9015
88.9053
88.9091
88.913
88.9168
88.9207
88.9245
88.9283
88.9322
88.936
88.9399
88.9437
88.9475
88.9514
88.9552
88.959
88.9629
88.9667
88.9706
88.9744
88.9782
88.9821
88.9859
88.9897
88.9936
88.9974
89.0013
89.0051
89.0089
89.0128
89.0166
89.0205
89.0243
89.0281
89.032
89.0358
89.0396
89.0435
89.0473
89.0512
89.055
89.0588
89.0627
89.0665
89.0703
89.0742
89.078
89.0819
89.0857
89.0895
89.0934
89.0972
89.1011
89.1049
89.1087
89.1126
89.1164
89.1202
89.1241
89.1279
89.1318
89.1356
89.1394
89.1433
89.1471
89.151
89.1548
89.1586
89.1625
89.1663
89.1701
89.174
89.1778
89.1817
89.1855
89.1893
89.1932
89.197
89.2008
89.2047
89.2085
89.2124
89.2162
89.22
89.2239
89.2277
89.2316
89.2354
89.2392
89.2431
89.2469
89.2507
89.2546
89.2584
89.2623
89.2661
89.2699
89.2738
89.2776
89.2814
89.2853
89.2891
89.293
89.2968
89.3006
89.3045
89.3083
89.3122
89.316
89.3198
89.3237
89.3275
89.3313
89.3352
89.339
89.3429
89.3467
89.3505
89.3544
89.3582
89.362
89.3659
89.3697
89.3736
89.3774
89.3812
89.3851
89.3889
89.3928
89.3966
89.4004
89.4043
89.4081
89.4119
89.4158
89.4196
89.4235
89.4273
89.4311
89.435
89.4388
89.4427
89.4465
89.4503
89.4542
89.458
89.4618
89.4657
89.4695
89.4734
89.4772
89.481
89.4849
89.4887
89.4925
89.4964
89.5002
89.5041
89.5079
89.5117
89.5156
89.5194
89.5233
89.5271
89.5309
89.5348
89.5386
89.5424
89.5463
89.5501
89.554
89.5578
89.5616
89.5655
89.5693
89.5731
89.577
89.5808
89.5847
89.5885
89.5923
89.5962
89.5995
89.6029
89.6063
89.6096
89.613
89.6163
89.6197
89.623
89.6264
89.6298
89.6331
89.6365
89.6398
89.6432
89.6466
89.6499
89.6533
89.6566
89.66
89.6633
89.6667
89.6701
89.6734
89.6768
89.6801
89.6835
89.6869
89.6902
89.6936
89.6969
89.7003
89.7036
89.707
89.7104
89.7137
89.7171
89.7204
89.7238
89.7272
89.7305
89.7339
89.7372
89.7406
89.7439
89.7473
89.7507
89.754
89.7574
89.7607
89.7641
89.7675
89.7708
89.7742
89.7775
89.7809
89.7842
89.7876
89.791
89.7943
89.7977
89.801
89.8044
89.8078
89.8111
89.8145
89.8178
89.8212
89.8245
89.8279
89.8313
89.8346
89.838
89.8413
89.8447
89.8481
89.8514
89.8548
89.8581
89.8615
89.8648
89.8682
89.8716
89.8749
89.8783
89.8816
89.885
89.8884
89.8917
89.8951
89.8984
89.9018
89.9051
89.9085
89.9119
89.9152
89.9186
89.9219
89.9253
89.9287
89.932
89.9354
89.9387
89.9421
89.9455
89.9488
89.9522
89.9555
89.9589
89.9622
89.9656
89.969
89.9723
89.9757
89.979
89.9824
89.9858
89.9891
89.9925
89.9958
89.9992
90.0025
90.0059
90.0093
90.0126
90.016
90.0193
90.0227
90.0261
90.0294
90.0328
90.0361
90.0395
90.0428
90.0462
90.0496
90.0529
90.0563
90.0596
90.063
90.0664
90.0697
90.0731
90.0764
90.0798
90.0831
90.0865
90.0899
90.0932
90.0966
90.0999
90.1033
90.1067
90.11
90.1134
90.1167
90.1201
90.1234
90.1268
90.1302
90.1335
90.1369
90.1402
90.1436
90.147
90.1503
90.1537
90.157
90.1604
90.1637
90.1671
90.1705
90.1738
90.1772
90.1805
90.1839
90.1873
90.1906
90.194
90.1973
90.2007
90.204
90.2074
90.2108
90.2141
90.2175
90.2208
90.2242
90.2276
90.2309
90.2343
90.2376
90.241
90.2443
90.2477
90.2511
90.2544
90.2578
90.2611
90.2645
90.2679
90.2712
90.2746
90.2779
90.2813
90.2846
90.288
90.2914
90.2947
90.2981
90.3014
90.3048
90.3082
90.3115
90.3149
90.3182
90.3216
90.3249
90.3283
90.3317
90.335
90.3384
90.3417
90.3451
90.3485
90.3518
90.3552
90.3585
90.3619
90.3652
90.3686
90.372
90.3753
90.3787
90.382
90.3854
90.3888
90.3921
90.3955
90.3988
90.4022
90.4055
90.4089
90.4123
90.4156
90.419
90.4223
90.4257
90.4291
90.4324
90.4358
90.4391
90.4425
90.4459
90.4492
90.4526
90.4559
90.4593
90.4626
90.466
90.4694
90.4727
90.4761
90.4794
90.4828
90.4862
90.4895
90.4929
90.4962
90.4996
90.5029
90.5063
90.5097
90.513
90.5164
90.5197
90.5231
90.5265
90.5298
90.5332
90.5365
90.5399
90.5432
90.5466
90.55
90.5533
90.5567
90.56
90.5634
90.5668
90.5701
90.5735
90.5768
90.5802
90.5835
90.5869
90.5903
90.5936
90.597
90.6003
90.6037
90.6071
90.6104
90.6138
90.6171
90.6205
90.6238
90.6272
90.6306
90.6339
90.6373
90.6406
90.644
90.6474
90.6507
90.6541
90.6574
90.6608
90.6641
90.6675
90.6709
90.6742
90.6776
90.6809
90.6843
90.6877
90.691
90.6944
90.6977
90.7011
90.7044
90.7078
90.7112
90.7145
90.7179
90.7212
90.7246
90.728
90.7313
90.7347
90.738
90.7414
90.7447
90.7481
90.7515
90.7548
90.7582
90.7615
90.7649
90.7683
90.7716
90.775
90.7783
90.7817
90.785
90.7884
90.7918
90.7951
90.7985
90.8018
90.8052
90.8086
90.8119
90.8153
90.8186
90.822
90.8253
90.8287
90.8321
90.8354
90.8388
90.8421
90.8455
90.8489
90.8522
90.8556
90.8589
90.8623
90.8656
90.869
90.8724
90.8757
90.8791
90.8824
90.8858
90.8892
90.8925
90.8959
90.8992
90.9026
90.906
90.9093
90.9127
90.916
90.9194
90.9227
90.9261
90.9295
90.9328
90.9362
90.9395
90.9429
90.9463
90.9496
90.953
90.9563
90.9597
90.963
90.9664
90.9698
90.9731
90.9765
90.9798
90.9832
90.9866
90.9899
90.9933
90.9966
91
91.0033
91.0067
91.0101
91.0134
91.0168
91.0201
91.0235
91.0269
91.0302
91.0336
91.0369
91.0403
91.0436
91.047
91.0504
91.0537
91.0571
91.0604
91.0638
91.0672
91.0705
91.0739
91.0772
91.0806
91.0839
91.0873
91.0907
91.094
91.0974
91.1007
91.1041
91.1075
91.1108
91.1142
91.1175
91.1209
91.1238
91.1266
91.1295
91.1324
91.1353
91.1382
91.141
91.1439
91.1468
91.1497
91.1526
91.1554
91.1583
91.1612
91.1641
91.1669
91.1698
91.1727
91.1756
91.1785
91.1813
91.1842
91.1871
91.19
91.1929
91.1957
91.1986
91.2015
91.2044
91.2072
91.2101
91.213
91.2159
91.2188
91.2216
91.2245
91.2274
91.2303
91.2332
91.236
91.2389
91.2418
91.2447
91.2475
91.2504
91.2533
91.2562
91.2591
91.2619
91.2648
91.2677
91.2706
91.2735
91.2763
91.2792
91.2821
91.285
91.2878
91.2907
91.2936
91.2965
91.2994
91.3022
91.3051
91.308
91.3109
91.3138
91.3166
91.3195
91.3224
91.3253
91.3281
91.331
91.3339
91.3368
91.3397
91.3425
91.3454
91.3483
91.3512
91.3541
91.3569
91.3598
91.3627
91.3656
91.3684
91.3713
91.3742
91.3771
91.38
91.3828
91.3857
91.3886
91.3915
91.3944
91.3972
91.4001
91.403
91.4059
91.4088
91.4116
91.4145
91.4174
91.4203
91.4231
91.426
91.4289
91.4318
91.4347
91.4375
91.4404
91.4433
91.4462
91.4491
91.4519
91.4548
91.4577
91.4606
91.4634
91.4663
91.4692
91.4721
91.475
91.4778
91.4807
91.4836
91.4865
91.4894
91.4922
91.4951
91.498
91.5009
91.5037
91.5066
91.5095
91.5124
91.5153
91.5181
91.521
91.5239
91.5268
91.5297
91.5325
91.5354
91.5383
91.5412
91.544
91.5469
91.5498
91.5527
91.5556
91.5584
91.5613
91.5642
91.5671
91.57
91.5728
91.5757
91.5786
91.5815
91.5843
91.5872
91.5901
91.593
91.5959
91.5987
91.6016
91.6045
91.6074
91.6103
91.6131
91.616
91.6189
91.6218
91.6246
91.6275
91.6304
91.6333
91.6362
91.639
91.6419
91.6448
91.6477
91.6506
91.6534
91.6563
91.6592
91.6621
91.6649
91.6678
91.6707
91.6736
91.6765
91.6793
91.6822
91.6851
91.688
91.6909
91.6937
91.6966
91.6995
91.7024
91.7052
91.7081
91.711
91.7139
91.7168
91.7196
91.7225
91.7254
91.7283
91.7312
91.734
91.7369
91.7398
91.7427
91.7455
91.7484
91.7513
91.7542
91.7571
91.7599
91.7628
91.7657
91.7686
91.7715
91.7743
91.7772
91.7801
91.783
91.7858
91.7887
91.7916
91.7945
91.7974
91.8002
91.8031
91.806
91.8089
91.8118
91.8146
91.8175
91.8204
91.8233
91.8262
91.829
91.8319
91.8348
91.8377
91.8405
91.8434
91.8463
91.8492
91.8521
91.8549
91.8578
91.8607
91.8636
91.8665
91.8693
91.8722
91.8751
91.878
91.8808
91.8837
91.8866
91.8895
91.8924
91.8952
91.8981
91.901
91.9039
91.9068
91.9096
91.9125
91.9154
91.9183
91.9211
91.924
91.9269
91.9298
91.9327
91.9355
91.9384
91.9413
91.9442
91.9471
91.9499
91.9528
91.9557
91.9586
91.9614
91.9643
91.9672
91.9701
91.973
91.9758
91.9787
91.9816
91.9845
91.9874
91.9902
91.9931
91.996
91.9989
92.0017
92.0046
92.0075
92.0104
92.0133
92.0161
92.019
92.0219
92.0248
92.0277
92.0305
92.0334
92.0363
92.0392
92.042
92.0449
92.0478
92.0507
92.0536
92.0564
92.0593
92.0622
92.0651
92.068
92.0708
92.0737
92.0766
92.0795
92.0823
92.0852
92.0881
92.091
92.0939
92.0967
92.0996
92.1025
92.1054
92.1083
92.1111
92.114
92.1169
92.1198
92.1226
92.1255
92.1284
92.1313
92.1342
92.137
92.1399
92.1428
92.1457
92.1486
92.1514
92.1543
92.1572
92.1601
92.1629
92.1658
92.1687
92.1716
92.1745
92.1773
92.1802
92.1831
92.186
92.1889
92.1917
92.1946
92.1975
92.2004
92.2032
92.2061
92.209
92.2119
92.2148
92.2176
92.2205
92.2234
92.2263
92.2292
92.232
92.2349
92.2378
92.2407
92.2436
92.2464
92.2493
92.2522
92.2551
92.2579
92.2608
92.2637
92.2666
92.2695
92.2723
92.2752
92.2781
92.281
92.2839
92.2867
92.2896
92.2925
92.2954
92.2982
92.3011
92.304
92.3069
92.3098
92.3126
92.3155
92.3184
92.3213
92.3242
92.327
92.3299
92.3328
92.3357
92.3385
92.3414
92.3443
92.3472
92.3501
92.3529
92.3558
92.3587
92.3616
92.3645
92.3673
92.3702
92.3731
92.376
92.3788
92.3817
92.3846
92.3875
92.3904
92.3932
92.3961
92.399
92.4019
92.4048
92.4076
92.4105
92.4134
92.4163
92.4191
92.422
92.4249
92.4278
92.4307
92.4335
92.4364
92.4393
92.4422
92.4451
92.4479
92.4508
92.4537
92.4566
92.4594
92.4623
92.4652
92.4681
92.471
92.4738
92.4767
92.4796
92.4825
92.4854
92.4882
92.4911
92.494
92.4969
92.4997
92.5026
92.5055
92.5084
92.5113
92.5141
92.517
92.5199
92.5228
92.5257
92.5285
92.5314
92.5343
92.5372
92.54
92.5429
92.5458
92.5487
92.5516
92.5544
92.5573
92.5602
92.5631
92.566
92.5688
92.5717
92.5746
92.5775
92.5803
92.5832
92.5861
92.589
92.5919
92.5947
92.5976
92.6005
92.6034
92.6063
92.6091
92.612
92.6149
92.6178
92.6207
92.6235
92.6264
92.6293
92.6322
92.635
92.6379
92.6408
92.6437
92.6466
92.6494
92.6523
92.6552
92.6581
92.661
92.6638
92.6667
92.6696
92.6725
92.6753
92.6782
92.6811
92.684
92.6869
92.6897
92.6926
92.6955
92.6984
92.7013
92.7041
92.707
92.7099
92.7128
92.7156
92.7185
92.7214
92.7243
92.7272
92.73
92.7324
92.7348
92.7372
92.7396
92.742
92.7444
92.7468
92.7492
92.7516
92.754
92.7564
92.7588
92.7612
92.7636
92.766
92.7684
92.7708
92.7732
92.7756
92.778
92.7804
92.7828
92.7852
92.7876
92.79
92.7924
92.7948
92.7972
92.7996
92.802
92.8044
92.8068
92.8092
92.8116
92.814
92.8164
92.8188
92.8212
92.8236
92.826
92.8284
92.8308
92.8332
92.8356
92.838
92.8404
92.8428
92.8452
92.8476
92.85
92.8524
92.8548
92.8572
92.8596
92.862
92.8644
92.8668
92.8692
92.8716
92.874
92.8764
92.8788
92.8812
92.8836
92.886
92.8884
92.8908
92.8932
92.8956
92.898
92.9004
92.9028
92.9052
92.9076
92.91
92.9124
92.9147
92.9171
92.9195
92.9219
92.9243
92.9267
92.9291
92.9315
92.9339
92.9363
92.9387
92.9411
92.9435
92.9459
92.9483
92.9507
92.9531
92.9555
92.9579
92.9603
92.9627
92.9651
92.9675
92.9699
92.9723
92.9747
92.9771
92.9795
92.9819
92.9843
92.9867
92.9891
92.9915
92.9939
92.9963
92.9987
93.0011
93.0035
93.0059
93.0083
93.0107
93.0131
93.0155
93.0179
93.0203
93.0227
93.0251
93.0275
93.0299
93.0323
93.0347
93.0371
93.0395
93.0419
93.0443
93.0467
93.0491
93.0515
93.0539
93.0563
93.0587
93.0611
93.0635
93.0659
93.0683
93.0707
93.0731
93.0755
93.0779
93.0803
93.0827
93.0851
93.0875
93.0899
93.0923
93.0947
93.0971
93.0995
93.1019
93.1043
93.1067
93.1091
93.1115
93.1139
93.1163
93.1187
93.1211
93.1234
93.1258
93.1282
93.1306
93.133
93.1354
93.1378
93.1402
93.1426
93.145
93.1474
93.1498
93.1522
93.1546
93.157
93.1594
93.1618
93.1642
93.1666
93.169
93.1714
93.1738
93.1762
93.1786
93.181
93.1834
93.1858
93.1882
93.1906
93.193
93.1954
93.1978
93.2002
93.2026
93.205
93.2074
93.2098
93.2122
93.2146
93.217
93.2194
93.2218
93.2242
93.2266
93.229
93.2314
93.2338
93.2362
93.2386
93.241
93.2434
93.2458
93.2482
93.2506
93.253
93.2554
93.2578
93.2602
93.2626
93.265
93.2674
93.2698
93.2722
93.2746
93.277
93.2794
93.2818
93.2842
93.2866
93.289
93.2914
93.2938
93.2962
93.2986
93.301
93.3034
93.3058
93.3082
93.3106
93.313
93.3154
93.3178
93.3202
93.3226
93.325
93.3274
93.3298
93.3321
93.3345
93.3369
93.3393
93.3417
93.3441
93.3465
93.3489
93.3513
93.3537
93.3561
93.3585
93.3609
93.3633
93.3657
93.3681
93.3705
93.3729
93.3753
93.3777
93.3801
93.3825
93.3849
93.3873
93.3897
93.3921
93.3945
93.3969
93.3993
93.4017
93.4041
93.4065
93.4089
93.4113
93.4137
93.4161
93.4185
93.4209
93.4233
93.4257
93.4281
93.4305
93.4329
93.4353
93.4377
93.4401
93.4425
93.4449
93.4473
93.4497
93.4521
93.4545
93.4569
93.4593
93.4617
93.4641
93.4665
93.4689
93.4713
93.4737
93.4761
93.4785
93.4809
93.4833
93.4857
93.4881
93.4905
93.4929
93.4953
93.4977
93.5001
93.5025
93.5049
93.5073
93.5097
93.5121
93.5145
93.5169
93.5193
93.5217
93.5241
93.5265
93.5289
93.5313
93.5337
93.5361
93.5385
93.5409
93.5432
93.5456
93.548
93.5504
93.5528
93.5552
93.5576
93.56
93.5624
93.5648
93.5672
93.5696
93.572
93.5744
93.5768
93.5792
93.5816
93.584
93.5864
93.5888
93.5912
93.5936
93.596
93.5984
93.6008
93.6032
93.6056
93.608
93.6104
93.6128
93.6152
93.6176
93.62
93.6224
93.6248
93.6272
93.6296
93.632
93.6344
93.6368
93.6392
93.6416
93.644
93.6464
93.6488
93.6512
93.6536
93.656
93.6584
93.6608
93.6632
93.6656
93.668
93.6704
93.6728
93.6752
93.6776
93.68
93.6824
93.6848
93.6872
93.6896
93.692
93.6944
93.6968
93.6992
93.7016
93.704
93.7064
93.7088
93.7112
93.7136
93.716
93.7184
93.7208
93.7232
93.7256
93.728
93.7304
93.7328
93.7352
93.7376
93.74
93.7424
93.7448
93.7472
93.7496
93.7519
93.7543
93.7567
93.7591
93.7615
93.7639
93.7663
93.7687
93.7711
93.7735
93.7759
93.7783
93.7807
93.7831
93.7855
93.7879
93.7903
93.7927
93.7951
93.7975
93.7999
93.8023
93.8047
93.8071
93.8095
93.8119
93.8143
93.8167
93.8191
93.8215
93.8239
93.8263
93.8287
93.8311
93.8335
93.8359
93.8383
93.8407
93.8431
93.8455
93.8479
93.8503
93.8527
93.8551
93.8575
93.8599
93.8623
93.8647
93.8671
93.8695
93.8719
93.8743
93.8767
93.8791
93.8815
93.8839
93.8863
93.8887
93.8911
93.8935
93.8959
93.8983
93.9007
93.9031
93.9055
93.9079
93.9103
93.9127
93.9151
93.9175
93.9199
93.9223
93.9247
93.9271
93.9295
93.9319
93.9343
93.9367
93.9391
93.9415
93.9439
93.9463
93.9487
93.9511
93.9535
93.9559
93.9583
93.9606
93.963
93.9654
93.9678
93.9702
93.9726
93.975
93.9774
93.9798
93.9822
93.9846
93.987
93.9894
93.9918
93.9942
93.9966
93.999
94.0014
94.0038
94.0062
94.0086
94.011
94.0134
94.0158
94.0182
94.0206
94.023
94.0254
94.0278
94.0302
94.0326
94.035
94.0374
94.0398
94.0422
94.0446
94.047
94.0494
94.0518
94.0542
94.0566
94.059
94.0614
94.0638
94.0662
94.0686
94.071
94.0734
94.0758
94.0782
94.0806
94.083
94.0854
94.0878
94.0902
94.0926
94.095
94.0974
94.0998
94.1022
94.1046
94.107
94.1094
94.1118
94.1142
94.1166
94.119
94.1214
94.1238
94.1262
94.1286
94.131
94.1334
94.1358
94.1382
94.1406
94.143
94.1454
94.1478
94.1502
94.1526
94.155
94.1574
94.1598
94.1622
94.1646
94.167
94.1693
94.1717
94.1741
94.1765
94.1789
94.1813
94.1837
94.1861
94.1885
94.1909
94.1933
94.1957
94.1981
94.2005
94.2029
94.2053
94.2077
94.2101
94.2125
94.2149
94.2173
94.2197
94.2221
94.2245
94.2269
94.2293
94.2317
94.2341
94.2365
94.2389
94.2413
94.2437
94.2461
94.2485
94.2509
94.2533
94.2557
94.2581
94.2605
94.2629
94.2653
94.2677
94.2701
94.2725
94.2749
94.2773
94.2797
94.2821
94.2845
94.2869
94.2893
94.2917
94.2941
94.2965
94.2989
94.3013
94.3032
94.3051
94.307
94.309
94.3109
94.3128
94.3147
94.3166
94.3186
94.3205
94.3224
94.3243
94.3262
94.3282
94.3301
94.332
94.3339
94.3358
94.3377
94.3397
94.3416
94.3435
94.3454
94.3473
94.3493
94.3512
94.3531
94.355
94.3569
94.3589
94.3608
94.3627
94.3646
94.3665
94.3685
94.3704
94.3723
94.3742
94.3761
94.378
94.38
94.3819
94.3838
94.3857
94.3876
94.3896
94.3915
94.3934
94.3953
94.3972
94.3992
94.4011
94.403
94.4049
94.4068
94.4088
94.4107
94.4126
94.4145
94.4164
94.4184
94.4203
94.4222
94.4241
94.426
94.4279
94.4299
94.4318
94.4337
94.4356
94.4375
94.4395
94.4414
94.4433
94.4452
94.4471
94.4491
94.451
94.4529
94.4548
94.4567
94.4587
94.4606
94.4625
94.4644
94.4663
94.4682
94.4702
94.4721
94.474
94.4759
94.4778
94.4798
94.4817
94.4836
94.4855
94.4874
94.4894
94.4913
94.4932
94.4951
94.497
94.499
94.5009
94.5028
94.5047
94.5066
94.5085
94.5105
94.5124
94.5143
94.5162
94.5181
94.5201
94.522
94.5239
94.5258
94.5277
94.5297
94.5316
94.5335
94.5354
94.5373
94.5393
94.5412
94.5431
94.545
94.5469
94.5488
94.5508
94.5527
94.5546
94.5565
94.5584
94.5604
94.5623
94.5642
94.5661
94.568
94.57
94.5719
94.5738
94.5757
94.5776
94.5796
94.5815
94.5834
94.5853
94.5872
94.5891
94.5911
94.593
94.5949
94.5968
94.5987
94.6007
94.6026
94.6045
94.6064
94.6083
94.6103
94.6122
94.6141
94.616
94.6179
94.6199
94.6218
94.6237
94.6256
94.6275
94.6294
94.6314
94.6333
94.6352
94.6371
94.639
94.641
94.6429
94.6448
94.6467
94.6486
94.6506
94.6525
94.6544
94.6563
94.6582
94.6602
94.6621
94.664
94.6659
94.6678
94.6697
94.6717
94.6736
94.6755
94.6774
94.6793
94.6813
94.6832
94.6851
94.687
94.6889
94.6909
94.6928
94.6947
94.6966
94.6985
94.7005
94.7024
94.7043
94.7062
94.7081
94.7101
94.712
94.7139
94.7158
94.7177
94.7196
94.7216
94.7235
94.7254
94.7273
94.7292
94.7312
94.7331
94.735
94.7369
94.7388
94.7408
94.7427
94.7446
94.7465
94.7484
94.7504
94.7523
94.7542
94.7561
94.758
94.7599
94.7619
94.7638
94.7657
94.7676
94.7695
94.7715
94.7734
94.7753
94.7772
94.7791
94.7811
94.783
94.7849
94.7868
94.7887
94.7907
94.7926
94.7945
94.7964
94.7983
94.8002
94.8022
94.8041
94.806
94.8079
94.8098
94.8118
94.8137
94.8156
94.8175
94.8194
94.8214
94.8233
94.8252
94.8271
94.829
94.831
94.8329
94.8348
94.8367
94.8386
94.8405
94.8425
94.8444
94.8463
94.8482
94.8501
94.8521
94.854
94.8559
94.8578
94.8597
94.8617
94.8636
94.8655
94.8674
94.8693
94.8713
94.8732
94.8751
94.877
94.8789
94.8808
94.8828
94.8847
94.8866
94.8885
94.8904
94.8924
94.8943
94.8962
94.8981
94.9
94.902
94.9039
94.9058
94.9077
94.9096
94.9116
94.9135
94.9154
94.9173
94.9192
94.9211
94.9231
94.925
94.9269
94.9288
94.9307
94.9327
94.9346
94.9365
94.9384
94.9403
94.9423
94.9442
94.9461
94.948
94.9499
94.9519
94.9538
94.9557
94.9576
94.9595
94.9615
94.9634
94.9653
94.9672
94.9691
94.971
94.973
94.9749
94.9768
94.9787
94.9806
94.9826
94.9845
94.9864
94.9883
94.9902
94.9922
94.9941
94.996
94.9979
94.9998
95.0018
95.0037
95.0056
95.0075
95.0094
95.0113
95.0133
95.0152
95.0171
95.019
95.0209
95.0229
95.0248
95.0267
95.0286
95.0305
95.0325
95.0344
95.0363
95.0382
95.0401
95.0421
95.044
95.0459
95.0478
95.0497
95.0516
95.0536
95.0555
95.0574
95.0593
95.0612
95.0632
95.0651
95.067
95.0689
95.0708
95.0728
95.0747
95.0766
95.0785
95.0804
95.0824
95.0843
95.0862
95.0881
95.09
95.0919
95.0939
95.0958
95.0977
95.0996
95.1015
95.1035
95.1054
95.1073
95.1092
95.1111
95.1131
95.115
95.1169
95.1188
95.1207
95.1227
95.1246
95.1265
95.1284
95.1303
95.1322
95.1342
95.1361
95.138
95.1399
95.1418
95.1438
95.1457
95.1476
95.1495
95.1514
95.1534
95.1553
95.1572
95.1591
95.161
95.163
95.1649
95.1668
95.1687
95.1706
95.1725
95.1745
95.1764
95.1783
95.1802
95.1821
95.1841
95.186
95.1879
95.1898
95.1917
95.1937
95.1956
95.1975
95.1994
95.2013
95.2033
95.2052
95.2071
95.209
95.2109
95.2129
95.2148
95.2167
95.2186
95.2205
95.2224
95.2244
95.2263
95.2282
95.2301
95.232
95.234
95.2359
95.2378
95.2397
95.2416
95.2436
95.2455
95.2474
95.2493
95.2512
95.2532
95.2551
95.257
95.2589
95.2608
95.2627
95.2647
95.2666
95.2685
95.2704
95.2723
95.2743
95.2762
95.2781
95.28
95.2819
95.2839
95.2858
95.2877
95.2896
95.2915
95.2935
95.2954
95.2973
95.2992
95.3011
95.303
95.305
95.3069
95.3088
95.3107
95.3126
95.3146
95.3165
95.3184
95.3203
95.3222
95.3242
95.3261
95.328
95.3299
95.3318
95.3338
95.3357
95.3376
95.3395
95.3414
95.3433
95.3453
95.3472
95.3491
95.351
95.3529
95.3549
95.3568
95.3587
95.3606
95.3625
95.3645
95.3664
95.3683
95.3702
95.3721
95.3741
95.376
95.3779
95.3798
95.3817
95.3836
95.3856
95.3875
95.3894
95.3913
95.3932
95.3952
95.3971
95.399
95.4009
95.4028
95.4048
95.4067
95.4086
95.4105
95.4124
95.4144
95.4163
95.4182
95.4201
95.422
95.4239
95.4259
95.4278
95.4297
95.4316
95.4335
95.4355
95.4374
95.4393
95.4412
95.4431
95.4451
95.447
95.4489
95.4508
95.4527
95.4547
95.4566
95.4585
95.4604
95.4623
95.4642
95.4662
95.4681
95.47
95.4719
95.4738
95.4758
95.4777
95.4796
95.4815
95.4834
95.4854
95.4873
95.4892
95.4911
95.493
95.495
95.4969
95.4988
95.5007
95.5026
95.5046
95.5065
95.5084
95.5103
95.5122
95.5141
95.5161
95.518
95.5199
95.5218
95.5237
95.5257
95.5276
95.5295
95.5314
95.5333
95.5353
95.5372
95.5391
95.541
95.5429
95.5449
95.5468
95.5487
95.5506
95.5525
95.5544
95.5564
95.5583
95.5602
95.5621
95.564
95.566
95.5679
95.5698
95.5717
95.5736
95.5756
95.5775
95.5794
95.5813
95.5832
95.5852
95.5871
95.589
95.5909
95.5928
95.5947
95.5967
95.5986
95.6005
95.6024
95.6043
95.6063
95.6082
95.6101
95.612
95.6139
95.6159
95.6178
95.6197
95.6216
95.6235
95.6255
95.6274
95.6293
95.6312
95.6331
95.635
95.637
95.6389
95.6408
95.6427
95.6446
95.6466
95.6485
95.6504
95.6523
95.6542
95.6562
95.6581
95.66
95.6619
95.6638
95.6658
95.6677
95.6696
95.6715
95.6734
95.6753
95.6773
95.6792
95.6811
95.683
95.6849
95.6869
95.6888
95.6907
95.6926
95.6945
95.6965
95.6984
95.7003
95.7022
95.7041
95.7061
95.708
95.7099
95.7118
95.7137
95.7156
95.7176
95.7195
95.7214
95.7233
95.7252
95.7267
95.7281
95.7296
95.731
95.7324
95.7339
95.7353
95.7368
95.7382
95.7396
95.7411
95.7425
95.744
95.7454
95.7468
95.7483
95.7497
95.7512
95.7526
95.754
95.7555
95.7569
95.7583
95.7598
95.7612
95.7627
95.7641
95.7655
95.767
95.7684
95.7699
95.7713
95.7727
95.7742
95.7756
95.7771
95.7785
95.7799
95.7814
95.7828
95.7843
95.7857
95.7871
95.7886
95.79
95.7915
95.7929
95.7943
95.7958
95.7972
95.7986
95.8001
95.8015
95.803
95.8044
95.8058
95.8073
95.8087
95.8102
95.8116
95.813
95.8145
95.8159
95.8174
95.8188
95.8202
95.8217
95.8231
95.8246
95.826
95.8274
95.8289
95.8303
95.8318
95.8332
95.8346
95.8361
95.8375
95.839
95.8404
95.8418
95.8433
95.8447
95.8461
95.8476
95.849
95.8505
95.8519
95.8533
95.8548
95.8562
95.8577
95.8591
95.8605
95.862
95.8634
95.8649
95.8663
95.8677
95.8692
95.8706
95.8721
95.8735
95.8749
95.8764
95.8778
95.8793
95.8807
95.8821
95.8836
95.885
95.8864
95.8879
95.8893
95.8908
95.8922
95.8936
95.8951
95.8965
95.898
95.8994
95.9008
95.9023
95.9037
95.9052
95.9066
95.908
95.9095
95.9109
95.9124
95.9138
95.9152
95.9167
95.9181
95.9196
95.921
95.9224
95.9239
95.9253
95.9267
95.9282
95.9296
95.9311
95.9325
95.9339
95.9354
95.9368
95.9383
95.9397
95.9411
95.9426
95.944
95.9455
95.9469
95.9483
95.9498
95.9512
95.9527
95.9541
95.9555
95.957
95.9584
95.9599
95.9613
95.9627
95.9642
95.9656
95.967
95.9685
95.9699
95.9714
95.9728
95.9742
95.9757
95.9771
95.9786
95.98
95.9814
95.9829
95.9843
95.9858
95.9872
95.9886
95.9901
95.9915
95.993
95.9944
95.9958
95.9973
95.9987
96.0002
96.0016
96.003
96.0045
96.0059
96.0074
96.0088
96.0102
96.0117
96.0131
96.0145
96.016
96.0174
96.0189
96.0203
96.0217
96.0232
96.0246
96.0261
96.0275
96.0289
96.0304
96.0318
96.0333
96.0347
96.0361
96.0376
96.039
96.0405
96.0419
96.0433
96.0448
96.0462
96.0477
96.0491
96.0505
96.052
96.0534
96.0548
96.0563
96.0577
96.0592
96.0606
96.062
96.0635
96.0649
96.0664
96.0678
96.0692
96.0707
96.0721
96.0736
96.075
96.0764
96.0779
96.0793
96.0808
96.0822
96.0836
96.0851
96.0865
96.088
96.0894
96.0908
96.0923
96.0937
96.0951
96.0966
96.098
96.0995
96.1009
96.1023
96.1038
96.1052
96.1067
96.1081
96.1095
96.111
96.1124
96.1139
96.1153
96.1167
96.1182
96.1196
96.1211
96.1225
96.1239
96.1254
96.1268
96.1283
96.1297
96.1311
96.1326
96.134
96.1354
96.1369
96.1383
96.1398
96.1412
96.1426
96.1441
96.1455
96.147
96.1484
96.1498
96.1513
96.1527
96.1542
96.1556
96.157
96.1585
96.1599
96.1614
96.1628
96.1642
96.1657
96.1671
96.1686
96.17
96.1714
96.1729
96.1743
96.1757
96.1772
96.1786
96.1801
96.1815
96.1829
96.1844
96.1858
96.1873
96.1887
96.1901
96.1916
96.193
96.1945
96.1959
96.1973
96.1988
96.2002
96.2017
96.2031
96.2045
96.206
96.2074
96.2089
96.2103
96.2117
96.2132
96.2146
96.2161
96.2175
96.2189
96.2204
96.2218
96.2232
96.2247
96.2261
96.2276
96.229
96.2304
96.2319
96.2333
96.2348
96.2362
96.2376
96.2391
96.2405
96.242
96.2434
96.2448
96.2463
96.2477
96.2492
96.2506
96.252
96.2535
96.2549
96.2564
96.2578
96.2592
96.2607
96.2621
96.2635
96.265
96.2664
96.2679
96.2693
96.2707
96.2722
96.2736
96.2751
96.2765
96.2779
96.2794
96.2808
96.2823
96.2837
96.2851
96.2866
96.288
96.2895
96.2909
96.2923
96.2938
96.2952
96.2967
96.2981
96.2995
96.301
96.3024
96.3038
96.3053
96.3067
96.3082
96.3096
96.311
96.3125
96.3139
96.3154
96.3168
96.3182
96.3197
96.3211
96.3226
96.324
96.3254
96.3269
96.3283
96.3298
96.3312
96.3326
96.3341
96.3355
96.337
96.3384
96.3398
96.3413
96.3427
96.3441
96.3456
96.347
96.3485
96.3499
96.3513
96.3528
96.3542
96.3557
96.3571
96.3585
96.36
96.3614
96.3629
96.3643
96.3657
96.3672
96.3686
96.3701
96.3715
96.3729
96.3744
96.3758
96.3773
96.3787
96.3801
96.3816
96.383
96.3844
96.3859
96.3873
96.3888
96.3902
96.3916
96.3931
96.3945
96.396
96.3974
96.3988
96.4003
96.4017
96.4032
96.4046
96.406
96.4075
96.4089
96.4104
96.4118
96.4132
96.4147
96.4161
96.4176
96.419
96.4204
96.4219
96.4233
96.4248
96.4262
96.4276
96.4291
96.4305
96.4319
96.4334
96.4348
96.4363
96.4377
96.4391
96.4406
96.442
96.4435
96.4449
96.4463
96.4478
96.4492
96.4507
96.4521
96.4535
96.455
96.4564
96.4579
96.4593
96.4607
96.4622
96.4636
96.4651
96.4665
96.4679
96.4694
96.4708
96.4722
96.4737
96.4751
96.4766
96.478
96.4794
96.4809
96.4823
96.4838
96.4852
96.4866
96.4881
96.4895
96.491
96.4924
96.4938
96.4953
96.4967
96.4982
96.4996
96.501
96.5025
96.5039
96.5054
96.5068
96.5082
96.5097
96.5111
96.5125
96.514
96.5154
96.5169
96.5183
96.5197
96.5212
96.5226
96.5241
96.5255
96.5269
96.5284
96.5298
96.5313
96.5327
96.5341
96.5356
96.537
96.5385
96.5399
96.5413
96.5428
96.5442
96.5457
96.5471
96.5485
96.55
96.5514
96.5528
96.5543
96.5557
96.5572
96.5586
96.56
96.5615
96.5629
96.5644
96.5658
96.5672
96.5687
96.5701
96.5716
96.573
96.5744
96.5759
96.5773
96.5788
96.5802
96.5816
96.5831
96.5845
96.586
96.5874
96.5888
96.5903
96.5917
96.5931
96.5946
96.596
96.5975
96.5989
96.6003
96.6018
96.6032
96.6047
96.6061
96.6075
96.609
96.6104
96.6119
96.6133
96.6147
96.6162
96.6176
96.6191
96.6205
96.6219
96.6234
96.6248
96.6263
96.6277
96.6291
96.6306
96.632
96.6335
96.6349
96.6363
96.6378
96.6392
96.6406
96.6421
96.6435
96.645
96.6464
96.6478
96.6493
96.6507
96.6522
96.6536
96.655
96.6565
96.6579
96.6594
96.6608
96.6622
96.6637
96.6651
96.6666
96.668
96.6694
96.6709
96.6723
96.6738
96.6752
96.6766
96.6781
96.6795
96.6809
96.6824
96.6838
96.6853
96.6867
96.6881
96.6896
96.691
96.6925
96.6939
96.6953
96.6968
96.6982
96.6997
96.7011
96.7025
96.704
96.7054
96.7069
96.7083
96.7097
96.7112
96.7126
96.7141
96.7155
96.7169
96.7184
96.7198
96.7212
96.7227
96.7241
96.7256
96.727
96.7284
96.7299
96.7313
96.7328
96.7342
96.7356
96.7371
96.7385
96.74
96.7414
96.7428
96.7443
96.7457
96.7472
96.7486
96.75
96.7515
96.7529
96.7544
96.7558
96.7572
96.7587
96.7601
96.7615
96.763
96.7644
96.7659
96.7673
96.7687
96.7702
96.7716
96.7731
96.7745
96.7759
96.7774
96.7788
96.7803
96.7817
96.7831
96.7846
96.786
96.7875
96.7889
96.7903
96.7918
96.7932
96.7947
96.7961
96.7975
96.799
96.8004
96.8018
96.8033
96.8047
96.8062
96.8076
96.809
96.8105
96.8119
96.8134
96.8148
96.8162
96.8177
96.8191
96.8206
96.822
96.8234
96.8249
96.8263
96.8278
96.8292
96.8306
96.8321
96.8335
96.835
96.8364
96.8378
96.8393
96.8407
96.8422
96.8436
96.845
96.8465
96.8479
96.8493
96.8508
96.8522
96.8537
96.8551
96.8565
96.858
96.8594
96.8609
96.8623
96.8637
96.8652
96.8666
96.8681
96.8695
96.8709
96.8724
96.8738
96.8753
96.8767
96.8781
96.8796
96.881
96.8825
96.8839
96.8853
96.8868
96.8882
96.8896
96.8911
96.8925
96.894
96.8954
96.8968
96.8983
96.8997
96.9012
96.9026
96.904
96.9055
96.9069
96.9084
96.9098
96.9112
96.9127
96.9141
96.9156
96.917
96.9184
96.9199
96.9213
96.9228
96.9242
96.9256
96.9271
96.9285
96.9299
96.9314
96.9328
96.9343
96.9357
96.9371
96.9386
96.94
96.9415
96.9429
96.9443
96.9458
96.9472
96.9487
96.9501
96.9515
96.953
96.9544
96.9559
96.9573
96.9587
96.9602
96.9616
96.9631
96.9645
96.9659
96.9674
96.9688
96.9702
96.9717
96.9731
96.9746
96.976
96.977
96.9779
96.9789
96.9798
96.9808
96.9818
96.9827
96.9837
96.9846
96.9856
96.9866
96.9875
96.9885
96.9894
96.9904
96.9914
96.9923
96.9933
96.9942
96.9952
96.9962
96.9971
96.9981
96.999
97
97.001
97.0019
97.0029
97.0038
97.0048
97.0058
97.0067
97.0077
97.0086
97.0096
97.0106
97.0115
97.0125
97.0134
97.0144
97.0153
97.0163
97.0173
97.0182
97.0192
97.0201
97.0211
97.0221
97.023
97.024
97.0249
97.0259
97.0269
97.0278
97.0288
97.0297
97.0307
97.0317
97.0326
97.0336
97.0345
97.0355
97.0365
97.0374
97.0384
97.0393
97.0403
97.0413
97.0422
97.0432
97.0441
97.0451
97.0461
97.047
97.048
97.0489
97.0499
97.0509
97.0518
97.0528
97.0537
97.0547
97.0556
97.0566
97.0576
97.0585
97.0595
97.0604
97.0614
97.0624
97.0633
97.0643
97.0652
97.0662
97.0672
97.0681
97.0691
97.07
97.071
97.072
97.0729
97.0739
97.0748
97.0758
97.0768
97.0777
97.0787
97.0796
97.0806
97.0816
97.0825
97.0835
97.0844
97.0854
97.0864
97.0873
97.0883
97.0892
97.0902
97.0912
97.0921
97.0931
97.094
97.095
97.0959
97.0969
97.0979
97.0988
97.0998
97.1007
97.1017
97.1027
97.1036
97.1046
97.1055
97.1065
97.1075
97.1084
97.1094
97.1103
97.1113
97.1123
97.1132
97.1142
97.1151
97.1161
97.1171
97.118
97.119
97.1199
97.1209
97.1219
97.1228
97.1238
97.1247
97.1257
97.1267
97.1276
97.1286
97.1295
97.1305
97.1315
97.1324
97.1334
97.1343
97.1353
97.1363
97.1372
97.1382
97.1391
97.1401
97.141
97.142
97.143
97.1439
97.1449
97.1458
97.1468
97.1478
97.1487
97.1497
97.1506
97.1516
97.1526
97.1535
97.1545
97.1554
97.1564
97.1574
97.1583
97.1593
97.1602
97.1612
97.1622
97.1631
97.1641
97.165
97.166
97.167
97.1679
97.1689
97.1698
97.1708
97.1718
97.1727
97.1737
97.1746
97.1756
97.1766
97.1775
97.1785
97.1794
97.1804
97.1813
97.1823
97.1833
97.1842
97.1852
97.1861
97.1871
97.1881
97.189
97.19
97.1909
97.1919
97.1929
97.1938
97.1948
97.1957
97.1967
97.1977
97.1986
97.1996
97.2005
97.2015
97.2025
97.2034
97.2044
97.2053
97.2063
97.2073
97.2082
97.2092
97.2101
97.2111
97.2121
97.213
97.214
97.2149
97.2159
97.2169
97.2178
97.2188
97.2197
97.2207
97.2216
97.2226
97.2236
97.2245
97.2255
97.2264
97.2274
97.2284
97.2293
97.2303
97.2312
97.2322
97.2332
97.2341
97.2351
97.236
97.237
97.238
97.2389
97.2399
97.2408
97.2418
97.2428
97.2437
97.2447
97.2456
97.2466
97.2476
97.2485
97.2495
97.2504
97.2514
97.2524
97.2533
97.2543
97.2552
97.2562
97.2572
97.2581
97.2591
97.26
97.261
97.2619
97.2629
97.2639
97.2648
97.2658
97.2667
97.2677
97.2687
97.2696
97.2706
97.2715
97.2725
97.2735
97.2744
97.2754
97.2763
97.2773
97.2783
97.2792
97.2802
97.2811
97.2821
97.2831
97.284
97.285
97.2859
97.2869
97.2879
97.2888
97.2898
97.2907
97.2917
97.2927
97.2936
97.2946
97.2955
97.2965
97.2975
97.2984
97.2994
97.3003
97.3013
97.3023
97.3032
97.3042
97.3051
97.3061
97.307
97.308
97.309
97.3099
97.3109
97.3118
97.3128
97.3138
97.3147
97.3157
97.3166
97.3176
97.3186
97.3195
97.3205
97.3214
97.3224
97.3234
97.3243
97.3253
97.3262
97.3272
97.3282
97.3291
97.3301
97.331
97.332
97.333
97.3339
97.3349
97.3358
97.3368
97.3378
97.3387
97.3397
97.3406
97.3416
97.3426
97.3435
97.3445
97.3454
97.3464
97.3473
97.3483
97.3493
97.3502
97.3512
97.3521
97.3531
97.3541
97.355
97.356
97.3569
97.3579
97.3589
97.3598
97.3608
97.3617
97.3627
97.3637
97.3646
97.3656
97.3665
97.3675
97.3685
97.3694
97.3704
97.3713
97.3723
97.3733
97.3742
97.3752
97.3761
97.3771
97.3781
97.379
97.38
97.3809
97.3819
97.3829
97.3838
97.3848
97.3857
97.3867
97.3876
97.3886
97.3896
97.3905
97.3915
97.3924
97.3934
97.3944
97.3953
97.3963
97.3972
97.3982
97.3992
97.4001
97.4011
97.402
97.403
97.404
97.4049
97.4059
97.4068
97.4078
97.4088
97.4097
97.4107
97.4116
97.4126
97.4136
97.4145
97.4155
97.4164
97.4174
97.4184
97.4193
97.4203
97.4212
97.4222
97.4232
97.4241
97.4251
97.426
97.427
97.428
97.4289
97.4299
97.4308
97.4318
97.4327
97.4337
97.4347
97.4356
97.4366
97.4375
97.4385
97.4395
97.4404
97.4414
97.4423
97.4433
97.4443
97.4452
97.4462
97.4471
97.4481
97.4491
97.45
97.451
97.4519
97.4529
97.4539
97.4548
97.4558
97.4567
97.4577
97.4587
97.4596
97.4606
97.4615
97.4625
97.4635
97.4644
97.4654
97.4663
97.4673
97.4683
97.4692
97.4702
97.4711
97.4721
97.473
97.474
97.475
97.4759
97.4769
97.4778
97.4788
97.4798
97.4807
97.4817
97.4826
97.4836
97.4846
97.4855
97.4865
97.4874
97.4884
97.4894
97.4903
97.4913
97.4922
97.4932
97.4942
97.4951
97.4961
97.497
97.498
97.499
97.4999
97.5009
97.5018
97.5028
97.5038
97.5047
97.5057
97.5066
97.5076
97.5086
97.5095
97.5105
97.5114
97.5124
97.5133
97.5143
97.5153
97.5162
97.5172
97.5181
97.5191
97.5201
97.521
97.522
97.5229
97.5239
97.5249
97.5258
97.5268
97.5277
97.5287
97.5297
97.5306
97.5316
97.5325
97.5335
97.5345
97.5354
97.5364
97.5373
97.5383
97.5393
97.5402
97.5412
97.5421
97.5431
97.5441
97.545
97.546
97.5469
97.5479
97.5489
97.5498
97.5508
97.5517
97.5527
97.5537
97.5546
97.5556
97.5565
97.5575
97.5584
97.5594
97.5604
97.5613
97.5623
97.5632
97.5642
97.5652
97.5661
97.5671
97.568
97.569
97.57
97.5709
97.5719
97.5728
97.5738
97.5748
97.5757
97.5767
97.5776
97.5786
97.5796
97.5805
97.5815
97.5824
97.5834
97.5844
97.5853
97.5863
97.5872
97.5882
97.5892
97.5901
97.5911
97.592
97.593
97.594
97.5949
97.5959
97.5968
97.5978
97.5987
97.5997
97.6007
97.6016
97.6026
97.6035
97.6045
97.6055
97.6064
97.6074
97.6083
97.6093
97.6103
97.6112
97.6122
97.6131
97.6141
97.6151
97.616
97.617
97.6179
97.6189
97.6199
97.6208
97.6218
97.6227
97.6237
97.6247
97.6256
97.6266
97.6275
97.6285
97.6295
97.6304
97.6314
97.6323
97.6333
97.6343
97.6352
97.6362
97.6371
97.6381
97.639
97.64
97.641
97.6419
97.6429
97.6438
97.6448
97.6458
97.6467
97.6477
97.6486
97.6496
97.6506
97.6515
97.6525
97.6534
97.6544
97.6554
97.6563
97.6573
97.6582
97.6592
97.6602
97.6611
97.6621
97.663
97.664
97.665
97.6659
97.6669
97.6678
97.6688
97.6698
97.6707
97.6717
97.6726
97.6736
97.6746
97.6755
97.6765
97.6774
97.6784
97.6794
97.6803
97.6813
97.6822
97.6832
97.6841
97.6851
97.6861
97.687
97.688
97.6889
97.6899
97.6909
97.6918
97.6928
97.6937
97.6947
97.6957
97.6966
97.6976
97.6985
97.6995
97.7005
97.7014
97.7024
97.7033
97.7043
97.7053
97.7062
97.7072
97.7081
97.7091
97.7101
97.711
97.712
97.7129
97.7139
97.7149
97.7158
97.7168
97.7177
97.7187
97.7197
97.7206
97.7216
97.7225
97.7235
97.7244
97.7254
97.7264
97.7273
97.7283
97.7292
97.7302
97.7312
97.7321
97.7331
97.734
97.735
97.736
97.7369
97.7379
97.7388
97.7398
97.7408
97.7417
97.7427
97.7436
97.7446
97.7456
97.7465
97.7475
97.7484
97.7494
97.7504
97.7513
97.7523
97.7532
97.7542
97.7552
97.7561
97.7571
97.758
97.759
97.76
97.7609
97.7619
97.7628
97.7638
97.7647
97.7657
97.7667
97.7676
97.7686
97.7695
97.7705
97.7715
97.7724
97.7734
97.7743
97.7753
97.7763
97.7772
97.7782
97.7791
97.7801
97.7811
97.782
97.783
97.7839
97.7849
97.7859
97.7868
97.7878
97.7887
97.7897
97.7907
97.7916
97.7926
97.7935
97.7945
97.7955
97.7964
97.7974
97.7983
97.7993
97.8003
97.8012
97.8022
97.8031
97.8041
97.8051
97.806
97.807
97.8079
97.8089
97.8098
97.8108
97.8118
97.8127
97.8137
97.8146
97.8156
97.8166
97.8175
97.8185
97.8194
97.8204
97.8214
97.8223
97.8233
97.8242
97.8252
97.8262
97.8271
97.8281
97.829
97.83
97.831
97.8319
97.8329
97.8338
97.8348
97.8358
97.8367
97.8377
97.8386
97.8396
97.8406
97.8415
97.8425
97.8434
97.8444
97.8454
97.8463
97.8473
97.8482
97.8492
97.8501
97.8511
97.8521
97.853
97.854
97.8549
97.8559
97.8569
97.8578
97.8588
97.8597
97.8607
97.8617
97.8626
97.8636
97.8645
97.8655
97.8665
97.8674
97.8684
97.8693
97.8703
97.8713
97.8722
97.8732
97.8741
97.8751
97.8761
97.877
97.878
97.8789
97.8799
97.8809
97.8818
97.8828
97.8837
97.8847
97.8857
97.8866
97.8876
97.8885
97.8895
97.8904
97.8914
97.8924
97.8933
97.8943
97.8952
97.8962
97.8972
97.8981
97.8991
97.9
97.901
97.902
97.9029
97.9039
97.9048
97.9058
97.9068
97.9077
97.9087
97.9096
97.9106
97.9116
97.9125
97.9135
97.9144
97.9154
97.9164
97.9173
97.9183
97.9192
97.9202
97.9212
97.9221
97.9231
97.924
97.925
97.926
97.9269
97.9279
97.9288
97.9298
97.9307
97.9317
97.9327
97.9336
97.9346
97.9355
97.9365
97.9375
97.9384
97.9394
97.9403
97.9413
97.9423
97.9432
97.9442
97.9451
97.9461
97.9471
97.948
97.949
97.9499
97.9509
97.9519
97.9528
97.9538
97.9547
97.9557
97.9567
97.9576
97.9586
97.9595
97.9605
97.9615
97.9624
97.9634
97.9643
97.9653
97.9663
97.9672
97.9682
97.9691
97.9701
97.9711
97.972
97.973
97.9739
97.9749
97.9758
97.9768
97.9778
97.9787
97.9797
97.9806
97.9816
97.9826
97.9835
97.9845
97.9854
97.9864
97.9874
97.9883
97.9893
97.9902
97.9912
97.9922
97.9931
97.9941
97.995
97.996
97.997
97.9979
97.9989
97.9998
98.0008
98.0018
98.0027
98.0037
98.0046
98.0056
98.0066
98.0075
98.0085
98.0094
98.0104
98.0114
98.0123
98.0133
98.0142
98.0152
98.0161
98.0171
98.0181
98.019
98.02
98.0209
98.0219
98.0229
98.0238
98.0248
98.0257
98.0267
98.0277
98.0286
98.0296
98.0305
98.0315
98.0325
98.0334
98.0344
98.0353
98.0363
98.0373
98.0382
98.0392
98.0401
98.0411
98.0421
98.043
98.044
98.0449
98.0459
98.0469
98.0478
98.0488
98.0497
98.0507
98.0517
98.0526
98.0536
98.0545
98.0555
98.0564
98.0574
98.0584
98.0593
98.0603
98.0612
98.0622
98.0632
98.0641
98.0651
98.066
98.067
98.068
98.0689
98.0699
98.0708
98.0718
98.0728
98.0737
98.0747
98.0756
98.0766
98.0776
98.0785
98.0795
98.0804
98.0814
98.0824
98.0833
98.0843
98.0852
98.0862
98.0872
98.0881
98.0891
98.09
98.091
98.092
98.0929
98.0939
98.0948
98.0958
98.0968
98.0977
98.0987
98.0996
98.1006
98.1015
98.1025
98.1035
98.1044
98.1054
98.1063
98.1073
98.1083
98.1092
98.1102
98.1111
98.1121
98.1131
98.114
98.115
98.1159
98.1169
98.1179
98.1188
98.1198
98.1207
98.1217
98.1227
98.1236
98.1246
98.1255
98.1265
98.1275
98.1284
98.1294
98.1303
98.1313
98.1323
98.1332
98.1342
98.1351
98.1361
98.1371
98.138
98.139
98.1399
98.1409
98.1418
98.1428
98.1438
98.1447
98.1457
98.1466
98.1476
98.1486
98.1495
98.1505
98.1514
98.1524
98.1534
98.1543
98.1553
98.1562
98.1572
98.1582
98.1591
98.1601
98.161
98.162
98.163
98.1639
98.1649
98.1658
98.1668
98.1678
98.1687
98.1697
98.1706
98.1716
98.1726
98.1735
98.1745
98.1754
98.1764
98.1774
98.1783
98.1793
98.1802
98.1812
98.1821
98.1831
98.1841
98.185
98.186
98.1869
98.1879
98.1889
98.1898
98.1908
98.1917
98.1927
98.1937
98.1946
98.1956
98.1965
98.1975
98.1985
98.1994
98.2004
98.2013
98.2023
98.2033
98.2042
98.2052
98.2061
98.2071
98.2081
98.209
98.21
98.2109
98.2119
98.2129
98.2138
98.2148
98.2157
98.2167
98.2177
98.2186
98.2196
98.2205
98.2215
98.2225
98.2234
98.2244
98.2253
98.2263
98.2272
98.2282
98.2292
98.2301
98.2311
98.232
98.233
98.234
98.2349
98.2359
98.2368
98.2378
98.2388
98.2397
98.2407
98.2416
98.2426
98.2436
98.2445
98.2455
98.2464
98.2474
98.2484
98.2493
98.2503
98.2512
98.2522
98.2532
98.2541
98.2551
98.256
98.257
98.258
98.2589
98.2599
98.2608
98.2618
98.2628
98.2637
98.2647
98.2656
98.2666
98.2675
98.2685
98.2695
98.2704
98.2714
98.2723
98.2733
98.2743
98.2752
98.2762
98.2771
98.2781
98.2791
98.28
98.281
98.2819
98.2829
98.2839
98.2848
98.2858
98.2867
98.2877
98.2887
98.2896
98.2906
98.2915
98.2925
98.2935
98.2944
98.2954
98.2963
98.2973
98.2983
98.2992
98.3002
98.3011
98.3021
98.3031
98.304
98.305
98.3059
98.3069
98.3078
98.3088
98.3098
98.3107
98.3117
98.3126
98.3136
98.3146
98.3155
98.3165
98.3174
98.3184
98.3194
98.3203
98.3213
98.3222
98.3232
98.3242
98.3251
98.3261
98.327
98.328
98.329
98.3299
98.3309
98.3318
98.3328
98.3338
98.3347
98.3357
98.3366
98.3376
98.3386
98.3395
98.3405
98.3414
98.3424
98.3434
98.3443
98.3453
98.3462
98.3472
98.3482
98.3491
98.3501
98.351
98.352
98.3529
98.3539
98.3549
98.3558
98.3568
98.3577
98.3587
98.3597
98.3606
98.3616
98.3625
98.3635
98.3645
98.3654
98.3664
98.3673
98.3683
98.3693
98.3702
98.3712
98.3721
98.3731
98.3741
98.375
98.376
98.3769
98.3779
98.3789
98.3798
98.3808
98.3817
98.3827
98.3837
98.3846
98.3856
98.3865
98.3875
98.3885
98.3894
98.3904
98.3913
98.3923
98.3932
98.3942
98.3952
98.3961
98.3971
98.398
98.399
98.4
98.4009
98.4019
98.4028
98.4038
98.4048
98.4057
98.4067
98.4076
98.4086
98.4096
98.4105
98.4115
98.412
98.4124
98.4129
98.4134
98.4139
98.4144
98.4148
98.4153
98.4158
98.4163
98.4168
98.4172
98.4177
98.4182
98.4187
98.4192
98.4196
98.4201
98.4206
98.4211
98.4216
98.422
98.4225
98.423
98.4235
98.424
98.4244
98.4249
98.4254
98.4259
98.4264
98.4268
98.4273
98.4278
98.4283
98.4288
98.4292
98.4297
98.4302
98.4307
98.4312
98.4316
98.4321
98.4326
98.4331
98.4335
98.434
98.4345
98.435
98.4355
98.4359
98.4364
98.4369
98.4374
98.4379
98.4383
98.4388
98.4393
98.4398
98.4403
98.4407
98.4412
98.4417
98.4422
98.4427
98.4431
98.4436
98.4441
98.4446
98.4451
98.4455
98.446
98.4465
98.447
98.4475
98.4479
98.4484
98.4489
98.4494
98.4499
98.4503
98.4508
98.4513
98.4518
98.4523
98.4527
98.4532
98.4537
98.4542
98.4547
98.4551
98.4556
98.4561
98.4566
98.4571
98.4575
98.458
98.4585
98.459
98.4595
98.4599
98.4604
98.4609
98.4614
98.4619
98.4623
98.4628
98.4633
98.4638
98.4643
98.4647
98.4652
98.4657
98.4662
98.4667
98.4671
98.4676
98.4681
98.4686
98.4691
98.4695
98.47
98.4705
98.471
98.4715
98.4719
98.4724
98.4729
98.4734
98.4739
98.4743
98.4748
98.4753
98.4758
98.4762
98.4767
98.4772
98.4777
98.4782
98.4786
98.4791
98.4796
98.4801
98.4806
98.481
98.4815
98.482
98.4825
98.483
98.4834
98.4839
98.4844
98.4849
98.4854
98.4858
98.4863
98.4868
98.4873
98.4878
98.4882
98.4887
98.4892
98.4897
98.4902
98.4906
98.4911
98.4916
98.4921
98.4926
98.493
98.4935
98.494
98.4945
98.495
98.4954
98.4959
98.4964
98.4969
98.4974
98.4978
98.4983
98.4988
98.4993
98.4998
98.5002
98.5007
98.5012
98.5017
98.5022
98.5026
98.5031
98.5036
98.5041
98.5046
98.505
98.5055
98.506
98.5065
98.507
98.5074
98.5079
98.5084
98.5089
98.5094
98.5098
98.5103
98.5108
98.5113
98.5118
98.5122
98.5127
98.5132
98.5137
98.5142
98.5146
98.5151
98.5156
98.5161
98.5165
98.517
98.5175
98.518
98.5185
98.5189
98.5194
98.5199
98.5204
98.5209
98.5213
98.5218
98.5223
98.5228
98.5233
98.5237
98.5242
98.5247
98.5252
98.5257
98.5261
98.5266
98.5271
98.5276
98.5281
98.5285
98.529
98.5295
98.53
98.5305
98.5309
98.5314
98.5319
98.5324
98.5329
98.5333
98.5338
98.5343
98.5348
98.5353
98.5357
98.5362
98.5367
98.5372
98.5377
98.5381
98.5386
98.5391
98.5396
98.5401
98.5405
98.541
98.5415
98.542
98.5425
98.5429
98.5434
98.5439
98.5444
98.5449
98.5453
98.5458
98.5463
98.5468
98.5473
98.5477
98.5482
98.5487
98.5492
98.5497
98.5501
98.5506
98.5511
98.5516
98.5521
98.5525
98.553
98.5535
98.554
98.5545
98.5549
98.5554
98.5559
98.5564
98.5569
98.5573
98.5578
98.5583
98.5588
98.5592
98.5597
98.5602
98.5607
98.5612
98.5616
98.5621
98.5626
98.5631
98.5636
98.564
98.5645
98.565
98.5655
98.566
98.5664
98.5669
98.5674
98.5679
98.5684
98.5688
98.5693
98.5698
98.5703
98.5708
98.5712
98.5717
98.5722
98.5727
98.5732
98.5736
98.5741
98.5746
98.5751
98.5756
98.576
98.5765
98.577
98.5775
98.578
98.5784
98.5789
98.5794
98.5799
98.5804
98.5808
98.5813
98.5818
98.5823
98.5828
98.5832
98.5837
98.5842
98.5847
98.5852
98.5856
98.5861
98.5866
98.5871
98.5876
98.588
98.5885
98.589
98.5895
98.59
98.5904
98.5909
98.5914
98.5919
98.5924
98.5928
98.5933
98.5938
98.5943
98.5948
98.5952
98.5957
98.5962
98.5967
98.5972
98.5976
98.5981
98.5986
98.5991
98.5995
98.6
98.6005
98.601
98.6015
98.6019
98.6024
98.6029
98.6034
98.6039
98.6043
98.6048
98.6053
98.6058
98.6063
98.6067
98.6072
98.6077
98.6082
98.6087
98.6091
98.6096
98.6101
98.6106
98.6111
98.6115
98.612
98.6125
98.613
98.6135
98.6139
98.6144
98.6149
98.6154
98.6159
98.6163
98.6168
98.6173
98.6178
98.6183
98.6187
98.6192
98.6197
98.6202
98.6207
98.6211
98.6216
98.6221
98.6226
98.6231
98.6235
98.624
98.6245
98.625
98.6255
98.6259
98.6264
98.6269
98.6274
98.6279
98.6283
98.6288
98.6293
98.6298
98.6303
98.6307
98.6312
98.6317
98.6322
98.6327
98.6331
98.6336
98.6341
98.6346
98.6351
98.6355
98.636
98.6365
98.637
98.6375
98.6379
98.6384
98.6389
98.6394
98.6399
98.6403
98.6408
98.6413
98.6418
98.6422
98.6427
98.6432
98.6437
98.6442
98.6446
98.6451
98.6456
98.6461
98.6466
98.647
98.6475
98.648
98.6485
98.649
98.6494
98.6499
98.6504
98.6509
98.6514
98.6518
98.6523
98.6528
98.6533
98.6538
98.6542
98.6547
98.6552
98.6557
98.6562
98.6566
98.6571
98.6576
98.6581
98.6586
98.659
98.6595
98.66
98.6605
98.661
98.6614
98.6619
98.6624
98.6629
98.6634
98.6638
98.6643
98.6648
98.6653
98.6658
98.6662
98.6667
98.6672
98.6677
98.6682
98.6686
98.6691
98.6696
98.6701
98.6706
98.671
98.6715
98.672
98.6725
98.673
98.6734
98.6739
98.6744
98.6749
98.6754
98.6758
98.6763
98.6768
98.6773
98.6778
98.6782
98.6787
98.6792
98.6797
98.6802
98.6806
98.6811
98.6816
98.6821
98.6826
98.683
98.6835
98.684
98.6845
98.6849
98.6854
98.6859
98.6864
98.6869
98.6873
98.6878
98.6883
98.6888
98.6893
98.6897
98.6902
98.6907
98.6912
98.6917
98.6921
98.6926
98.6931
98.6936
98.6941
98.6945
98.695
98.6955
98.696
98.6965
98.6969
98.6974
98.6979
98.6984
98.6989
98.6993
98.6998
98.7003
98.7008
98.7013
98.7017
98.7022
98.7027
98.7032
98.7037
98.7041
98.7046
98.7051
98.7056
98.7061
98.7065
98.707
98.7075
98.708
98.7085
98.7089
98.7094
98.7099
98.7104
98.7109
98.7113
98.7118
98.7123
98.7128
98.7133
98.7137
98.7142
98.7147
98.7152
98.7157
98.7161
98.7166
98.7171
98.7176
98.7181
98.7185
98.719
98.7195
98.72
98.7205
98.7209
98.7214
98.7219
98.7224
98.7229
98.7233
98.7238
98.7243
98.7248
98.7252
98.7257
98.7262
98.7267
98.7272
98.7276
98.7281
98.7286
98.7291
98.7296
98.73
98.7305
98.731
98.7315
98.732
98.7324
98.7329
98.7334
98.7339
98.7344
98.7348
98.7353
98.7358
98.7363
98.7368
98.7372
98.7377
98.7382
98.7387
98.7392
98.7396
98.7401
98.7406
98.7411
98.7416
98.742
98.7425
98.743
98.7435
98.744
98.7444
98.7449
98.7454
98.7459
98.7464
98.7468
98.7473
98.7478
98.7483
98.7488
98.7492
98.7497
98.7502
98.7507
98.7512
98.7516
98.7521
98.7526
98.7531
98.7536
98.754
98.7545
98.755
98.7555
98.756
98.7564
98.7569
98.7574
98.7579
98.7584
98.7588
98.7593
98.7598
98.7603
98.7608
98.7612
98.7617
98.7622
98.7627
98.7632
98.7636
98.7641
98.7646
98.7651
98.7656
98.766
98.7665
98.767
98.7675
98.7679
98.7684
98.7689
98.7694
98.7699
98.7703
98.7708
98.7713
98.7718
98.7723
98.7727
98.7732
98.7737
98.7742
98.7747
98.7751
98.7756
98.7761
98.7766
98.7771
98.7775
98.778
98.7785
98.779
98.7795
98.7799
98.7804
98.7809
98.7814
98.7819
98.7823
98.7828
98.7833
98.7838
98.7843
98.7847
98.7852
98.7857
98.7862
98.7867
98.7871
98.7876
98.7881
98.7886
98.7891
98.7895
98.79
98.7905
98.791
98.7915
98.7919
98.7924
98.7929
98.7934
98.7939
98.7943
98.7948
98.7953
98.7958
98.7963
98.7967
98.7972
98.7977
98.7982
98.7987
98.7991
98.7996
98.8001
98.8006
98.8011
98.8015
98.802
98.8025
98.803
98.8035
98.8039
98.8044
98.8049
98.8054
98.8059
98.8063
98.8068
98.8073
98.8078
98.8083
98.8087
98.8092
98.8097
98.8102
98.8106
98.8111
98.8116
98.8121
98.8126
98.813
98.8135
98.814
98.8145
98.815
98.8154
98.8159
98.8164
98.8169
98.8174
98.8178
98.8183
98.8188
98.8193
98.8198
98.8202
98.8207
98.8212
98.8217
98.8222
98.8226
98.8231
98.8236
98.8241
98.8246
98.825
98.8255
98.826
98.8265
98.827
98.8274
98.8279
98.8284
98.8289
98.8294
98.8298
98.8303
98.8308
98.8313
98.8318
98.8322
98.8327
98.8332
98.8337
98.8342
98.8346
98.8351
98.8356
98.8361
98.8366
98.837
98.8375
98.838
98.8385
98.839
98.8394
98.8399
98.8404
98.8409
98.8414
98.8418
98.8423
98.8428
98.8433
98.8438
98.8442
98.8447
98.8452
98.8457
98.8462
98.8466
98.8471
98.8476
98.8481
98.8486
98.849
98.8495
98.85
98.8505
98.8509
98.8514
98.8519
98.8524
98.8529
98.8533
98.8538
98.8543
98.8548
98.8553
98.8557
98.8562
98.8567
98.8572
98.8577
98.8581
98.8586
98.8591
98.8596
98.8601
98.8605
98.861
98.8615
98.862
98.8625
98.8629
98.8634
98.8639
98.8644
98.8649
98.8653
98.8658
98.8663
98.8668
98.8673
98.8677
98.8682
98.8687
98.8692
98.8697
98.8701
98.8706
98.8711
98.8716
98.8721
98.8725
98.873
98.8735
98.874
98.8745
98.8749
98.8754
98.8759
98.8764
98.8769
98.8773
98.8778
98.8783
98.8788
98.8793
98.8797
98.8802
98.8807
98.8812
98.8817
98.8821
98.8826
98.8831
98.8836
98.8841
98.8845
98.885
98.8855
98.886
98.8865
98.8869
98.8874
98.8879
98.8884
98.8889
98.8893
98.8898
98.8903
98.8908
98.8913
98.8917
98.8922
98.8927
98.8932
98.8936
98.8941
98.8946
98.8951
98.8956
98.896
98.8965
98.897
98.8975
98.898
98.8984
98.8989
98.8994
98.8999
98.9004
98.9008
98.9013
98.9018
98.9023
98.9028
98.9032
98.9037
98.9042
98.9047
98.9052
98.9056
98.9061
98.9066
98.9071
98.9076
98.908
98.9085
98.909
98.9095
98.91
98.9104
98.9109
98.9114
98.9119
98.9124
98.9128
98.9133
98.9138
98.9143
98.9148
98.9152
98.9157
98.9162
98.9167
98.9172
98.9176
98.9181
98.9186
98.9191
98.9196
98.92
98.9205
98.921
98.9215
98.922
98.9224
98.9229
98.9234
98.9239
98.9244
98.9248
98.9253
98.9258
98.9263
98.9268
98.9272
98.9277
98.9282
98.9287
98.9292
98.9296
98.9301
98.9306
98.9311
98.9316
98.932
98.9325
98.933
98.9335
98.9339
98.9344
98.9349
98.9354
98.9359
98.9363
98.9368
98.9373
98.9378
98.9383
98.9387
98.9392
98.9397
98.9402
98.9407
98.9411
98.9416
98.9421
98.9426
98.9431
98.9435
98.944
98.9445
98.945
98.9455
98.9459
98.9464
98.9469
98.9474
98.9479
98.9483
98.9488
98.9493
98.9498
98.9503
98.9507
98.9512
98.9517
98.9522
98.9527
98.9531
98.9536
98.9541
98.9546
98.9551
98.9555
98.956
98.9565
98.957
98.9575
98.9579
98.9584
98.9589
98.9594
98.9599
98.9603
98.9608
98.9613
98.9618
98.9623
98.9627
98.9632
98.9637
98.9642
98.9647
98.9651
98.9656
98.9661
98.9666
98.9671
98.9675
98.968
98.9685
98.969
98.9695
98.9699
98.9704
98.9709
98.9714
98.9719
98.9723
98.9728
98.9733
98.9738
98.9743
98.9747
98.9752
98.9757
98.9762
98.9766
98.9771
98.9776
98.9781
98.9786
98.979
98.9795
98.98
98.9805
98.981
98.9814
98.9819
98.9824
98.9829
98.9834
98.9838
98.9843
98.9848
98.9853
98.9858
98.9862
98.9867
98.9872
98.9877
98.9882
98.9886
98.9891
98.9896
98.9901
98.9906
98.991
98.9915
98.992
98.9925
98.993
98.9934
98.9939
98.9944
98.9949
98.9954
98.9958
98.9963
98.9968
98.9973
98.9978
98.9982
98.9987
98.9992
98.9997
99.0002
99.0006
99.0011
99.0016
99.0021
99.0026
99.003
99.0035
99.004
99.0045
99.005
99.0054
99.0059
99.0064
99.0069
99.0074
99.0078
99.0083
99.0088
99.0093
99.0098
99.0102
99.0107
99.0112
99.0117
99.0122
99.0126
99.0131
99.0136
99.0141
99.0146
99.015
99.0155
99.016
99.0165
99.017
99.0174
99.0179
99.0184
99.0189
99.0193
99.0198
99.0203
99.0208
99.0213
99.0217
99.0222
99.0227
99.0232
99.0237
99.0241
99.0246
99.0251
99.0256
99.0261
99.0265
99.027
99.0275
99.028
99.0285
99.0289
99.0294
99.0299
99.0304
99.0309
99.0313
99.0318
99.0323
99.0328
99.0333
99.0337
99.0342
99.0347
99.0352
99.0357
99.0361
99.0366
99.0371
99.0376
99.0381
99.0385
99.039
99.0395
99.04
99.0405
99.0409
99.0414
99.0419
99.0424
99.0429
99.0433
99.0438
99.0443
99.0448
99.0453
99.0457
99.0462
99.0467
99.0472
99.0477
99.0481
99.0486
99.0491
99.0496
99.0501
99.0505
99.051
99.0515
99.052
99.0525
99.0529
99.0534
99.0539
99.0544
99.0549
99.0553
99.0558
99.0563
99.0568
99.0573
99.0577
99.0582
99.0587
99.0592
99.0596
99.0601
99.0606
99.0611
99.0616
99.062
99.0625
99.063
99.0635
99.064
99.0644
99.0649
99.0654
99.0659
99.0664
99.0668
99.0673
99.0678
99.0683
99.0688
99.0692
99.0697
99.0702
99.0707
99.0712
99.0716
99.0721
99.0726
99.0731
99.0736
99.074
99.0745
99.075
99.0755
99.076
99.0764
99.0769
99.0774
99.0779
99.0784
99.0788
99.0793
99.0798
99.0803
99.0808
99.0812
99.0817
99.0822
99.0827
99.0832
99.0836
99.0841
99.0846
99.0851
99.0856
99.086
99.0865
99.087
99.0875
99.088
99.0884
99.0889
99.0894
99.0899
99.0904
99.0908
99.0913
99.0918
99.0923
99.0928
99.0932
99.0937
99.0942
99.0947
99.0952
99.0956
99.0961
99.0966
99.0971
99.0976
99.098
99.0985
99.099
99.0995
99.1
99.1004
99.1009
99.1014
99.1019
99.1023
99.1028
99.1033
99.1038
99.1043
99.1047
99.1052
99.1057
99.1062
99.1067
99.1071
99.1076
99.1081
99.1086
99.1091
99.1095
99.11
99.1105
99.111
99.1115
99.1119
99.1124
99.1129
99.1134
99.1139
99.1143
99.1148
99.1153
99.1158
99.1163
99.1167
99.1172
99.1177
99.1182
99.1187
99.1191
99.1196
99.1201
99.1206
99.1211
99.1215
99.122
99.1225
99.123
99.1235
99.1239
99.1244
99.1249
99.1254
99.1259
99.1263
99.1268
99.1273
99.1278
99.1283
99.1287
99.1292
99.1297
99.1302
99.1307
99.1311
99.1316
99.1321
99.1326
99.1331
99.1335
99.134
99.1345
99.135
99.1355
99.1359
99.1364
99.1369
99.1374
99.1379
99.1383
99.1388
99.1393
99.1398
99.1403
99.1407
99.1412
99.1417
99.1422
99.1427
99.1431
99.1436
99.1441
99.1446
99.145
99.1455
99.146
99.1465
99.147
99.1474
99.1479
99.1484
99.1489
99.1494
99.1498
99.1503
99.1508
99.1513
99.1518
99.1522
99.1527
99.1532
99.1537
99.1542
99.1546
99.1551
99.1556
99.1561
99.1566
99.157
99.1575
99.158
99.1585
99.159
99.1594
99.1599
99.1604
99.1609
99.1614
99.1618
99.1623
99.1628
99.1633
99.1638
99.1642
99.1647
99.1652
99.1657
99.1662
99.1666
99.1671
99.1676
99.1681
99.1686
99.169
99.1695
99.17
99.1705
99.171
99.1714
99.1719
99.1724
99.1729
99.1734
99.1738
99.1743
99.1748
99.1753
99.1758
99.1762
99.1767
99.1772
99.1777
99.1782
99.1786
99.1791
99.1796
99.1801
99.1806
99.181
99.1815
99.182
99.1825
99.183
99.1834
99.1839
99.1844
99.1849
99.1853
99.1858
99.1863
99.1868
99.1873
99.1877
99.1882
99.1887
99.1892
99.1897
99.1901
99.1906
99.1911
99.1916
99.1921
99.1925
99.193
99.1935
99.194
99.1945
99.1949
99.1954
99.1959
99.1964
99.1969
99.1973
99.1978
99.1983
99.1988
99.1993
99.1997
99.2002
99.2007
99.2012
99.2017
99.2021
99.2026
99.2031
99.2036
99.2041
99.2045
99.205
99.2055
99.206
99.2065
99.2069
99.2074
99.2079
99.2084
99.2089
99.2093
99.2098
99.2103
99.2108
99.2113
99.2117
99.2122
99.2127
99.2132
99.2137
99.2141
99.2146
99.2151
99.2156
99.2161
99.2165
99.217
99.2175
99.218
99.2185
99.2189
99.2194
99.2199
99.2204
99.2209
99.2213
99.2218
99.2223
99.2228
99.2233
99.2237
99.2242
99.2247
99.2252
99.2257
99.2261
99.2266
99.2271
99.2276
99.228
99.2285
99.229
99.2295
99.23
99.2304
99.2309
99.2314
99.2319
99.2324
99.2328
99.2333
99.2338
99.2343
99.2348
99.2352
99.2357
99.2362
99.2367
99.2372
99.2376
99.2381
99.2386
99.2391
99.2396
99.24
99.2405
99.241
99.2415
99.242
99.2424
99.2429
99.2434
99.2439
99.2444
99.2448
99.2453
99.2458
99.2463
99.2468
99.2472
99.2477
99.2482
99.2487
99.2492
99.2496
99.2501
99.2506
99.2511
99.2516
99.252
99.2525
99.253
99.2535
99.254
99.2544
99.2549
99.2554
99.2559
99.2564
99.2568
99.2573
99.2578
99.2583
99.2588
99.2592
99.2597
99.2602
99.2607
99.2612
99.2616
99.2621
99.2626
99.2631
99.2636
99.264
99.2645
99.265
99.2655
99.266
99.2664
99.2669
99.2674
99.2679
99.2684
99.2688
99.2693
99.2698
99.2703
99.2707
99.2712
99.2717
99.2722
99.2727
99.2731
99.2736
99.2741
99.2746
99.2751
99.2755
99.276
99.2765
99.277
99.2775
99.2779
99.2784
99.2789
99.2794
99.2799
99.2803
99.2808
99.2813
99.2818
99.2823
99.2827
99.2832
99.2837
99.2842
99.2847
99.2851
99.2856
99.2861
99.2866
99.2871
99.2875
99.288
99.2885
99.289
99.2895
99.2899
99.2904
99.2909
99.2914
99.2919
99.2923
99.2928
99.2933
99.2938
99.2943
99.2947
99.2952
99.2957
99.2962
99.2967
99.2971
99.2976
99.2981
99.2986
99.2991
99.2995
99.3
99.3005
99.301
99.3015
99.3019
99.3024
99.3029
99.3034
99.3039
99.3043
99.3048
99.3053
99.3058
99.3063
99.3067
99.3072
99.3077
99.3082
99.3087
99.3091
99.3096
99.3101
99.3106
99.311
99.3115
99.312
99.3125
99.313
99.3134
99.3139
99.3144
99.3149
99.3154
99.3158
99.3163
99.3168
99.3173
99.3178
99.3182
99.3187
99.3192
99.3197
99.3202
99.3206
99.3211
99.3216
99.3221
99.3226
99.323
99.3235
99.324
99.3245
99.325
99.3254
99.3259
99.3264
99.3269
99.3274
99.3278
99.3283
99.3288
99.3293
99.3298
99.3302
99.3307
99.3312
99.3317
99.3322
99.3326
99.3331
99.3336
99.3341
99.3346
99.335
99.3355
99.336
99.3365
99.337
99.3374
99.3379
99.3384
99.3389
99.3394
99.3398
99.3403
99.3408
99.3413
99.3418
99.3422
99.3427
99.3432
99.3437
99.3442
99.3446
99.3451
99.3456
99.3461
99.3466
99.347
99.3475
99.348
99.3485
99.349
99.3494
99.3499
99.3504
99.3509
99.3514
99.3518
99.3523
99.3528
99.3533
99.3537
99.3542
99.3547
99.3552
99.3557
99.3561
99.3566
99.3571
99.3576
99.3581
99.3585
99.359
99.3595
99.36
99.3605
99.3609
99.3614
99.3619
99.3624
99.3629
99.3633
99.3638
99.3643
99.3648
99.3653
99.3657
99.3662
99.3667
99.3672
99.3677
99.3681
99.3686
99.3691
99.3696
99.3701
99.3705
99.371
99.3715
99.372
99.3725
99.3729
99.3734
99.3739
99.3744
99.3749
99.3753
99.3758
99.3763
99.3768
99.3773
99.3777
99.3782
99.3787
99.3792
99.3797
99.3801
99.3806
99.3811
99.3816
99.3821
99.3825
99.383
99.3835
99.384
99.3845
99.3849
99.3854
99.3859
99.3864
99.3869
99.3873
99.3878
99.3883
99.3888
99.3893
99.3897
99.3902
99.3907
99.3912
99.3917
99.3921
99.3926
99.3931
99.3936
99.394
99.3945
99.395
99.3955
99.396
99.3964
99.3969
99.3974
99.3979
99.3984
99.3988
99.3993
99.3998
99.4003
99.4008
99.4012
99.4017
99.4022
99.4027
99.4032
99.4036
99.4041
99.4046
99.4051
99.4056
99.406
99.4065
99.407
99.4075
99.408
99.4084
99.4089
99.4094
99.4099
99.4104
99.4108
99.4113
99.4118
99.4123
99.4128
99.4132
99.4137
99.4142
99.4147
99.4152
99.4156
99.4161
99.4166
99.4171
99.4176
99.418
99.4185
99.419
99.4195
99.42
99.4204
99.4209
99.4214
99.4219
99.4224
99.4228
99.4233
99.4238
99.4243
99.4248
99.4252
99.4257
99.4262
99.4267
99.4272
99.4276
99.4281
99.4286
99.4291
99.4296
99.43
99.4305
99.431
99.4315
99.432
99.4324
99.4329
99.4334
99.4339
99.4344
99.4348
99.4353
99.4358
99.4363
99.4367
99.4372
99.4377
99.4382
99.4387
99.4391
99.4396
99.4401
99.4406
99.4411
99.4415
99.442
99.4425
99.443
99.4435
99.4439
99.4444
99.4449
99.4454
99.4459
99.4463
99.4468
99.4473
99.4478
99.4483
99.4487
99.4492
99.4497
99.4502
99.4507
99.4511
99.4516
99.4521
99.4526
99.4531
99.4535
99.454
99.4545
99.455
99.4555
99.4559
99.4564
99.4569
99.4574
99.4579
99.4583
99.4588
99.4593
99.4598
99.4603
99.4607
99.4612
99.4617
99.4622
99.4627
99.4631
99.4636
99.4641
99.4646
99.4651
99.4655
99.466
99.4665
99.467
99.4675
99.4679
99.4684
99.4689
99.4694
99.4699
99.4703
99.4708
99.4713
99.4718
99.4723
99.4727
99.4732
99.4737
99.4742
99.4747
99.4751
99.4756
99.4761
99.4766
99.4771
99.4775
99.478
99.4785
99.479
99.4794
99.4799
99.4804
99.4809
99.4814
99.4818
99.4823
99.4828
99.4833
99.4838
99.4842
99.4847
99.4852
99.4857
99.4862
99.4866
99.4871
99.4876
99.4881
99.4886
99.489
99.4895
99.49
99.4905
99.491
99.4914
99.4919
99.4924
99.4929
99.4934
99.4938
99.4943
99.4948
99.4953
99.4958
99.4962
99.4967
99.4972
99.4977
99.4982
99.4986
99.4991
99.4996
99.5001
99.5006
99.501
99.5015
99.502
99.5025
99.503
99.5034
99.5039
99.5044
99.5049
99.5054
99.5058
99.5063
99.5068
99.5073
99.5078
99.5082
99.5087
99.5092
99.5097
99.5102
99.5106
99.5111
99.5116
99.5121
99.5126
99.513
99.5135
99.514
99.5145
99.515
99.5154
99.5159
99.5164
99.5169
99.5174
99.5178
99.5183
99.5188
99.5193
99.5197
99.5202
99.5207
99.5212
99.5217
99.5221
99.5226
99.5231
99.5236
99.5241
99.5245
99.525
99.5255
99.526
99.5265
99.5269
99.5274
99.5279
99.5284
99.5289
99.5293
99.5298
99.5303
99.5308
99.5313
99.5317
99.5322
99.5327
99.5332
99.5337
99.5341
99.5346
99.5351
99.5356
99.5361
99.5365
99.537
99.5375
99.538
99.5385
99.5389
99.5394
99.5399
99.5404
99.5409
99.5413
99.5418
99.5423
99.5428
99.5433
99.5437
99.5442
99.5447
99.5452
99.5457
99.5461
99.5466
99.5471
99.5476
99.5481
99.5485
99.549
99.5495
99.55
99.5505
99.5509
99.5514
99.5519
99.5524
99.5529
99.5533
99.5538
99.5543
99.5548
99.5553
99.5557
99.5562
99.5567
99.5572
99.5577
99.5581
99.5586
99.5591
99.5596
99.5601
99.5605
99.561
99.5615
99.562
99.5624
99.5629
99.5634
99.5639
99.5644
99.5648
99.5653
99.5658
99.5663
99.5668
99.5672
99.5677
99.5682
99.5687
99.5692
99.5696
99.5701
99.5706
99.5711
99.5716
99.572
99.5725
99.573
99.5735
99.574
99.5744
99.5749
99.5754
99.5759
99.5764
99.5768
99.5773
99.5778
99.5783
99.5788
99.5792
99.5797
99.5802
99.5807
99.5812
99.5816
99.5821
99.5826
99.5831
99.5836
99.584
99.5845
99.585
99.5855
99.586
99.5864
99.5869
99.5874
99.5879
99.5884
99.5888
99.5893
99.5898
99.5903
99.5908
99.5912
99.5917
99.5922
99.5927
99.5932
99.5936
99.5941
99.5946
99.5951
99.5956
99.596
99.5965
99.597
99.5975
99.598
99.5984
99.5989
99.5994
99.5999
99.6004
99.6008
99.6013
99.6018
99.6023
99.6028
99.6032
99.6037
99.6042
99.6047
99.6051
99.6056
99.6061
99.6066
99.6071
99.6075
99.608
99.6085
99.609
99.6095
99.6099
99.6104
99.6109
99.6114
99.6119
99.6123
99.6128
99.6133
99.6138
99.6143
99.6147
99.6152
99.6157
99.6162
99.6167
99.6171
99.6176
99.6181
99.6186
99.6191
99.6195
99.62
99.6205
99.621
99.6215
99.6219
99.6224
99.6229
99.6234
99.6239
99.6243
99.6248
99.6253
99.6258
99.6263
99.6267
99.6272
99.6277
99.6282
99.6287
99.6291
99.6296
99.6301
99.6306
99.6311
99.6315
99.632
99.6325
99.633
99.6335
99.6339
99.6344
99.6349
99.6354
99.6359
99.6363
99.6368
99.6373
99.6378
99.6383
99.6387
99.6392
99.6397
99.6402
99.6407
99.6411
99.6416
99.6421
99.6426
99.6431
99.6435
99.644
99.6445
99.645
99.6454
99.6459
99.6464
99.6469
99.6474
99.6478
99.6483
99.6488
99.6493
99.6498
99.6502
99.6507
99.6512
99.6517
99.6522
99.6526
99.6531
99.6536
99.6541
99.6546
99.655
99.6555
99.656
99.6565
99.657
99.6574
99.6579
99.6584
99.6589
99.6594
99.6598
99.6603
99.6608
99.6613
99.6618
99.6622
99.6627
99.6632
99.6637
99.6642
99.6646
99.6651
99.6656
99.6661
99.6666
99.667
99.6675
99.668
99.6685
99.669
99.6694
99.6699
99.6704
99.6709
99.6714
99.6718
99.6723
99.6728
99.6733
99.6738
99.6742
99.6747
99.6752
99.6757
99.6762
99.6766
99.6771
99.6776
99.6781
99.6786
99.679
99.6795
99.68
99.6805
99.681
99.6814
99.6819
99.6824
99.6829
99.6834
99.6838
99.6843
99.6848
99.6853
99.6858
99.6862
99.6867
99.6872
99.6877
99.6881
99.6886
99.6891
99.6896
99.6901
99.6905
99.691
99.6915
99.692
99.6925
99.6929
99.6934
99.6939
99.6944
99.6949
99.6953
99.6958
99.6963
99.6968
99.6973
99.6977
99.6982
99.6987
99.6992
99.6997
99.7001
99.7006
99.7011
99.7016
99.7021
99.7025
99.703
99.7035
99.704
99.7045
99.7049
99.7054
99.7059
99.7064
99.7069
99.7073
99.7078
99.7083
99.7088
99.7093
99.7097
99.7102
99.7107
99.7112
99.7117
99.7121
99.7126
99.7131
99.7136
99.7141
99.7145
99.715
99.7155
99.716
99.7165
99.7169
99.7174
99.7179
99.7184
99.7189
99.7193
99.7198
99.7203
99.7208
99.7213
99.7217
99.7222
99.7227
99.7232
99.7237
99.7241
99.7246
99.7251
99.7256
99.7261
99.7265
99.727
99.7275
99.728
99.7284
99.7289
99.7294
99.7299
99.7304
99.7308
99.7313
99.7318
99.7323
99.7328
99.7332
99.7337
99.7342
99.7347
99.7352
99.7356
99.7361
99.7366
99.7371
99.7376
99.738
99.7385
99.739
99.7395
99.74
99.7404
99.7409
99.7414
99.7419
99.7424
99.7428
99.7433
99.7438
99.7443
99.7448
99.7452
99.7457
99.7462
99.7467
99.7472
99.7476
99.7481
99.7486
99.7491
99.7496
99.75
99.7505
99.751
99.7515
99.752
99.7524
99.7529
99.7534
99.7539
99.7544
99.7548
99.7553
99.7558
99.7563
99.7568
99.7572
99.7577
99.7582
99.7587
99.7592
99.7596
99.7601
99.7606
99.7611
99.7616
99.762
99.7625
99.763
99.7635
99.764
99.7644
99.7649
99.7654
99.7659
99.7664
99.7668
99.7673
99.7678
99.7683
99.7688
99.7692
99.7697
99.7702
99.7707
99.7711
99.7716
99.7721
99.7726
99.7731
99.7735
99.774
99.7745
99.775
99.7755
99.7759
99.7764
99.7769
99.7774
99.7779
99.7783
99.7788
99.7793
99.7798
99.7803
99.7807
99.7812
99.7817
99.7822
99.7827
99.7831
99.7836
99.7841
99.7846
99.7851
99.7855
99.786
99.7865
99.787
99.7875
99.7879
99.7884
99.7889
99.7894
99.7899
99.7903
99.7908
99.7913
99.7918
99.7923
99.7927
99.7932
99.7937
99.7942
99.7947
99.7951
99.7956
99.7961
99.7966
99.7971
99.7975
99.798
99.7985
99.799
99.7995
99.7999
99.8004
99.8009
99.8014
99.8019
99.8023
99.8028
99.8033
99.8038
99.8043
99.8047
99.8052
99.8057
99.8062
99.8067
99.8071
99.8076
99.8081
99.8086
99.8091
99.8095
99.81
99.8105
99.811
99.8115
99.8119
99.8124
99.8129
99.8134
99.8138
99.8143
99.8148
99.8153
99.8158
99.8162
99.8167
99.8172
99.8177
99.8182
99.8186
99.8191
99.8196
99.8201
99.8206
99.821
99.8215
99.822
99.8225
99.823
99.8234
99.8239
99.8244
99.8249
99.8254
99.8258
99.8263
99.8268
99.8273
99.8278
99.8282
99.8287
99.8292
99.8297
99.8302
99.8306
99.8311
99.8316
99.8321
99.8326
99.833
99.8335
99.834
99.8345
99.835
99.8354
99.8359
99.8364
99.8369
99.8374
99.8378
99.8383
99.8388
99.8393
99.8398
99.8402
99.8407
99.8412
99.8417
99.8422
99.8426
99.8431
99.8436
99.8441
99.8446
99.845
99.8455
99.846
99.8465
99.847
99.8474
99.8479
99.8484
99.8489
99.8494
99.8498
99.8503
99.8508
99.8513
99.8518
99.8522
99.8527
99.8532
99.8537
99.8541
99.8546
99.8551
99.8556
99.8561
99.8565
99.857
99.8575
99.858
99.8585
99.8589
99.8594
99.8599
99.8604
99.8609
99.8613
99.8618
99.8623
99.8628
99.8633
99.8637
99.8642
99.8647
99.8652
99.8657
99.8661
99.8666
99.8671
99.8676
99.8681
99.8685
99.869
99.8695
99.87
99.8705
99.8709
99.8714
99.8719
99.8724
99.8729
99.8733
99.8738
99.8743
99.8748
99.8753
99.8757
99.8762
99.8767
99.8772
99.8777
99.8781
99.8786
99.8791
99.8796
99.8801
99.8805
99.881
99.8815
99.882
99.8825
99.8829
99.8834
99.8839
99.8844
99.8849
99.8853
99.8858
99.8863
99.8868
99.8873
99.8877
99.8882
99.8887
99.8892
99.8897
99.8901
99.8906
99.8911
99.8916
99.8921
99.8925
99.893
99.8935
99.894
99.8945
99.8949
99.8954
99.8959
99.8964
99.8968
99.8973
99.8978
99.8983
99.8988
99.8992
99.8997
99.9002
99.9007
99.9012
99.9016
99.9021
99.9026
99.9031
99.9036
99.904
99.9045
99.905
99.9055
99.906
99.9064
99.9069
99.9074
99.9079
99.9084
99.9088
99.9093
99.9098
99.9103
99.9108
99.9112
99.9117
99.9122
99.9127
99.9132
99.9136
99.9141
99.9146
99.9151
99.9156
99.916
99.9165
99.917
99.9175
99.918
99.9184
99.9189
99.9194
99.9199
99.9204
99.9208
99.9213
99.9218
99.9223
99.9228
99.9232
99.9237
99.9242
99.9247
99.9252
99.9256
99.9261
99.9266
99.9271
99.9276
99.928
99.9285
99.929
99.9295
99.93
99.9304
99.9309
99.9314
99.9319
99.9324
99.9328
99.9333
99.9338
99.9343
99.9348
99.9352
99.9357
99.9362
99.9367
99.9372
99.9376
99.9381
99.9386
99.9391
99.9395
99.94
99.9405
99.941
99.9415
99.9419
99.9424
99.9429
99.9434
99.9439
99.9443
99.9448
99.9453
99.9458
99.9463
99.9467
99.9472
99.9477
99.9482
99.9487
99.9491
99.9496
99.9501
99.9506
99.9511
99.9515
99.952
99.9525
99.953
99.9535
99.9539
99.9544
99.9549
99.9554
99.9559
99.9563
99.9568
99.9573
99.9578
99.9583
99.9587
99.9592
99.9597
99.9602
99.9607
99.9611
99.9616
99.9621
99.9626
99.9631
99.9635
99.964
99.9645
99.965
99.9655
99.9659
99.9664
99.9669
99.9674
99.9679
99.9683
99.9688
99.9693
99.9698
99.9703
99.9707
99.9712
99.9717
99.9722
99.9727
99.9731
99.9736
99.9741
99.9746
99.9751
99.9755
99.976
99.9765
99.977
99.9775
99.9779
99.9784
99.9789
99.9794
99.9798
99.9803
99.9808
99.9813
99.9818
99.9822
99.9827
99.9832
99.9837
99.9842
99.9846
99.9851
99.9856
99.9861
99.9866
99.987
99.9875
99.988
99.9885
99.989
99.9894
99.9899
99.9904
99.9909
99.9914
99.9918
99.9923
99.9928
99.9933
99.9938
99.9942
99.9947
99.9952
99.9957
99.9962
99.9966
99.9971
99.9976
99.9981
99.9986
99.999
99.9995
100
